index,label
0,-hihoptDErwUdbistufcrdInR-tRnApsAndk@rAtsAndbruzdpAtetozAndf@tmAtAnpisAztubiledAldWtAndTIk-pEpRdflWRf@tAndscs-
1,-stAfIdIntuyu-hIzbElikWnsAldhIm-
2,-@ftRRlinYtfclDAyElol@mpswUdlYtAphirAndDErDAskwalAdkwcrtRAvDAbrcfAlz-
3,-hWhRbRtiEnhigUdInycrmYnd-
4,-nAmbRtAn-frESnElyAzwetIGanyu-kUdnathAzbAnd-
5,-DAmyuzIkemnIrRAndhirIkcldDAwRdz-DAwRdzAvSElizfr@gmAntApanDAmunwandRIGkAmp@nyAnlAs-pelfcrwIrinAs-
6,-DAdAlYtfElmcrfentliApanDApejwEranAnADRrAkweSAnbIg@ntuAnfoldItsElfsloli-AndtusprEdAbrcdItswYdAnIG-tel-
7,-AkoldlusAdIndIfRAnsrendInhIzsol-
8,-DAkeasInwIChIzardurIkstIGgwIStItsElfwazA-koldIndIfRAnt-nalAjAvhImsElf-
9,-@tmost-bY@nalmzgIvAntuAbEgRhuzblEsIGhiflEdfrAm-himYthopwErAlituwIndfcrhImsElf-sAmEZRAv@kCAwAlgres-
10,-wElnWInAsYdIklEryuh@vAhEdAndsoh@zmYstIk-
11,-ans@tRdimcrnIGzwEnDAsod@lAtimEtInDAC@pAlturAsYtDAlItAlcfAs-hIzpleswazAkUSAndnilIGdEsk@tDArYtAvDAcltRfrAmwIChilEdhIzwIGAvbOzTruDArIspansAz-
12,-hRYzsimdturAgardhImwIDmYldpIti-hRholinAs-AstrenjlYtgloIGfentliApanhRfrelflES-dIdnathyumIliet-DAsInRhuAproCthR-
13,-IfEvRhiwazImpEldtuk@stsInfrAmhImAndturIpEnt-DAImpAlsD@tmuvdhImwazDAwIStubihRnYt-
14,-hitrYdtuTIGkhWItkUdbi-
15,-bAtDAdAsk-dipAnIGInDAskulrum-kAvRdovRhIzTcts-DAbElr@G-
16,-DEnyuk@n@skhImkwEsCAnzanDAk@tIkIzAmdEtAlAs-
17,-stivAn-linIGb@kAndrcIGYdlianhIzskrIbAlR-lIsAndtuDAtckAbWthImwIChErAnCEktfrAmtYmtutYmbYseIG-
18,-Itwazstrenjtu-D@thifWnd@nErIdplEZRInfaloIGAptuDAEnd-DArIjAdlYnzAvDAdaktrAnzAvDACRC-AndpEnAtretIGIntuAbskyUrsYlAnsIzonlituhirAndfilDAmcrdiplihIzonkandAmneSAn-
19,-DAsEntAnsAvsentjemz-wICsEzD@thihuAfEndzAgEnstwAnkAm@nmAntbIkAmzgIltiAvcl-h@dsimdtuhImfRstAswolAndfrez-AntIlhih@dbIgAntugropInDAdarknAsAvhIzonstet-
20,-IfAm@nh@dstoldanApWndInhIzyuTAndh@dyuzdD@tpWndtuAm@sAhyujfcrCAn-hWmACwazhiAblYjdtutugIvb@k-DApWndhih@dstolAnonli-wRDApWndtAgEDRwIDAkampWdIntrAstAkruIGApanIt-crclhIzhyujfcrCAn-
21,-IfAlemAn-IngIvIGb@ptIzAm-bfUrDAwctRbIfcrseIGDAwRdz-IzDACYldb@ptYzd-
22,-hWkAmzIt-D@twYlDAfRstbi@tAtudpramAsAzDAkIGdAmAvhEvAntuDApUrAvhart-DAsEkAndbi@tAtudpramAsAzclsotuDAmikD@tDeS@lpAzEsDAl@nd-
23,-wYwazDAs@krAmAntAvDAyukRAstInstAtutAdAndRDAtuspiSizAvbrEdAndwYn-IfjizAskrYstbiprEzAntbadiAndblAd-solAndIvInAti-InDAbrEdAlonAndInDAwYnAlon-
24,-IfDAwYnCenjAntuvInAkR-AndDAhostkrAmbAlIntukRApSAn@ftRDeh@vbInkansAkretAd-IzjizAskrYststIlprEzAntAndRDErspiSiz@zgadAnd@zm@n-
25,-AjEntAlkIkfrAmDAtclbOInDAbEnCbIhYnd-RjdtustivAntu@skAdIfAkAltkwEsCAn-
26,-DArEktRdIdnat@skfcrAk@tAkIzAmtuhirDAlEsAnfrAm-
27,-hikl@spthIzh@ndanDAdEskAndsEd-
28,-DAritritwIlbIgInanwEnzdi@ftRnunInAnRAvsentfr@nsIsz@vyRhuzfistdeIzs@tRdi-
29,-anfrYdi-kAnfESAnwIlbihRdclDA@ftRnun@ftRbidz-
30,-bIwErAvmekIGD@tmIstek-
31,-stivAnzhartbIg@nslolitufoldAndfedwIDfIr-lYkAwIDRIGflWR-
32,-hi@zkcld@zyuno-DApasAlAvDAIndiz-
33,-Agretsent-sentfr@nsIss@viR-
34,-DArEktRpczdAndDEn-SekIGhIzkl@spth@ndzbIfcrhIm-wEntan-
35,-hih@dDAfeTInhImD@tmuvzmWntAnz-
36,-Agretsent-sentfr@nsIsz@viR-
37,-InDAsYlAns-DErdarkfYRkIndAld-DAdAskIntuAtcniglo-
38,-hikUdwetnolcGgR-
39,-fcrAfUlWRhih@dpestApIndWnwetIG-bAthikUdwetnolcGgR-
40,-hisEtcfAbrAptlifcrDAbUl-wckIGr@pAdlilEsthIzfaDRzSrIlwIsolmYtkclhImb@k-AndInAfyumomAntshih@drWndAdDAkRv@tDApAlisb@rIk-Andwazsef-
41,-DAyunAvRsAti-
42,-brYd@ftRs@tAsf@kSAnAplIftAdhImlYklcGslowevz-
43,-huIzfitWR@zDAfitAvharts-AndAndRniT-DAEvRl@stIGarmz-
44,-DAprYdAvD@tdImImAjbrctb@ktuhIzmYndDAdIgnAtiAvDAcfAshih@drAfyuzd-
45,-sunDAholbrIjwaztrEmbAlIGAndrizWndIG-
46,-DAnkuTfesAzp@sthImtubYtu-stendyElocrEdcrlIvIdbYDAsi-And@zhistrovtulUk@tDEmwIDizAndIndIfRAns-AfentstenAvpRsInIlSemAndkAmIzReSAnroztuhIzonfes-
47,-@GgriwIDhImsElf-hitrYdtuhYdhIzfesfrAmDErYzbYgezIGdWnsYdwezIntuDAS@loswRlIGwctRAndRDAbrIj-bAthistIlscArAflEkSAnDErInAvDErtaphEvisIlkh@ts-AndhAmbAlteplYkalRz-Andblustlih@GIGklErAkAlkloDz-brADRhIki-
48,-brADRmAkartAl-brADRklf-
49,-DErpYAtiwUdbi-lYkDErnemz-lYkDErfesAz-lYkDErkloDz-AndItwazYdAlfcrhImtutElhImsElfD@tDErhAmbAlAndkAntrYthartsItmYtbi-pedAfarICRdtrIbyutAvdIvoSAnD@nhIzh@dEvRbIn-AgIft-tEnfoldmcr@ksEptAbAlD@nhIzIl@brAt@dReSAn-
50,-ItwazYdAlfcrhImtumuvhImsElftubijEnRAstAwcrdzDEm-tutElhImsElfD@t-IfhiEvRkemtuDErgets-strIptAvhIzprYd-bitAnEndInbEgRzwidz-D@tDewUdbijEnRAstAwcrdzhIm-lAvIGhIm@zDEmsElvz-
51,-YdAlIndEmbItRIGfYnlituargyu-AgEnsthIzondIsp@SAnAtsRtAtud-D@tDAkAm@ndmAtAvlAvbetdAsnatulAvWRnebWR@zWRsElvzwIDAsemAmWntAndIntEnsAtiAvlAv-bAtulAvhIm@zWRsElvzwIDAsemkYndAvlAv-
52,-DAfrezAndDAde-AndDAsin-harmAnYzdAndAkcrd-
53,-wRdz-wazItDErkAlRz-
54,-DewRvOAjIGAkrcsDAdEzRtsAvDAskY-AhostAvnom@dzanDAmarC-vOAjIGAhYovhRYRlAnd-wEstwRdbWnd-
55,-DAyUrApDeh@dkAmfrAmleWtDErbIandDAYrAsi-yUrApAvstrenjtAGzAndv@lidAndwUdbIgRtAndsItAdAldAndAvEntrEnCtAndmarfAldresAz-
56,-AgEn-AgEn-
57,-AvOsfrAmbIandDAwRldwazkclIG-
58,-hAlozstEfAnazs-hirkAmwazDAdEtAlAs-
59,-DEardYvIGston-pOzdanItsrudsApcrtsAndrakIGAndRDErplAnjAz-DAndDArAfhyunsdonzAvDAslopIGbrekwctRovRwICDeskr@mbAldInDErhcrsple-glimdwIDkoldwETlAstR-
60,-histUdstIlIndIfRAnstuDErkclzAndpEridDErb@ntRwIDiziwRdz-
61,-ItwazApentusiDEmAndAscrdlYkpenGtusiDAsYnzAv@dAlEsAnsD@tmedripElAntDErpYtiAbAlnekAdnAs-
62,-stAfInclsdEdlAs-
63,-AmomAntbIfcr-DAgostAvDAenCAntkIGdAmAvDAdenzh@dlUktfcrTTruDAvEsCRAvDAhezr@ptsIti-
64,-yuwIlfYndmikAntInyuAlispikIGAfcrmEn-tISAn-holbYn-tRnR-AndtIntAtIt-InclmostDAsemtRmz-
65,-DeyunYtEvRikwalAti-AndsAmtYmzyuwIlfYndmirIfRndtuDEmIzkAlRAsts-sAmtYmz@zkyUrAskyUrAsts-
66,-bYbiIGstudiAsAvkAlRDearstudiAsAvdIvIZAn-AndwYlDAkyUrAskyUrAsdIvotshImsElftuDArEprAzEnteSAnAvdIgrizAvfcrsInwAnTIG-AnsEpRetAdlYt-DAkAlRAsts-h@vfcrDErfAGkSAn-DAtenAntAvbyuti-bYRenjmAntAvDAdIvIZAnzAvlYf-
67,-mYfRstAndprInsApAlrizAnwazD@tDeEnfcrst-bIandclrIzIstAns-anEnistudAnhumYtAtEmptukapiDEm-DIsmETAdAvle@GpcrSAnzAvdIstIGkthyusYdbYsYnd-
68,-sAmAvDAtACAzIndid-wEnDAtInth@zbInmIkstwIDmACwctR-h@vbInledAndlItAldrapscrpandz-soD@tDApegmAntmYtkrIstAlYzhard@tuEj-
69,-dAzDAhEdAvApErAnt-bIDAlItAlflWRInhIzbikfrAmApIkCRAvkRpatsoz-wAnAvhIzsIrizAvDAlYfAvsentjcrj-
70,-DEnhikAmztuDAbikAvIt-
71,-DAbrWngrWndbIniThIzlEftfcrDAmostpart-wAntACAbl@k@zpUtfcrDAhalo-tudElAkAtlYnzAvdarkgretufYndDAWtAkRv-AndwAnlItAlkwIvRIGtACAvwYt-drcziInREjAvDAm@ndAbAl-
72,-fcr-bIlivmi-DAfYnAflcsfiAvartk@nonlir@tAfYDErApInyAnD@tDAbyutiAvAkokrabAnDIstubirEd-AndAmAgr@splatubigrin-AndDAbEstskIlvartIz@nInstAntlisizIGanDAmInAfoldIlISAnAsAvlYt-wICyuk@nonlisizbYprisIZAn-AvInstAnt@niAstAC-
73,-nWyuwIlsiImDizstAdizD@tDAmomAntDAwYtIzEnklozdprapRli-AndharmAnYzdwIDADRhyuz-ItbIkAmsAmhWmcrprESAsAndpRli-InDAwYtpepR-AndD@tY@mnatAfredulivAholfildAvAntritAdwYtpepRclrWndIt-biIGSUrD@t-ivInDAlItAldYmAndzAndDArWndwIndowIltEl@zCuAlz-IfDErkrIdetAd-jAstli-
74,-bAtInDIsvInyEt-kapidfrAmtRnR-yuh@vDAtuprInsApAlz-brctWtpRfAktli-
75,-DearbIandclADRwRksD@nYnoIgzIstIG-dIpEndAntfcrDErIfEktanlosAbdudtWnz-DErf@yWrYCOsAntYmAvdebiIG-iDRdcncrtwYlYt-AndivInDErbrYtAstsAnsEtsprAdustCifliWtAvgrepepR-
76,-ItmebiD@tAgretkAlRAlAs-wIlyusIzAtmostfcrsAvkAlR-@zAsIGRhIzfUlpWRAvOs-bAt-lWdcrlIo-DAvRCuzAndboTkesAzclwezInprAfYnmAnt-nEvRnlWdnAs-
77,-ItmAstrImEmbRbiwAncrDADR-
78,-dunatDErfcr-TIGkD@tDAgaTIkskulzAndiziwAn-
79,-DAlcAvD@tskulzD@tEvriTIGS@lbisinklIrli-c@list-onliInsACmIstRfentnAs@zS@lbidIlYtfAl-AndYh@vnodWtD@tDAbEstIntrAdAkSAntuIt-wUdbiDAElAmEntRipr@ktAsAvpentIGEvRistAdianAgoldAngrWnd-
80,-DIs@twAnskAmpElzyutuAndRst@ndD@tDAwRkIztubiIm@jAnAtIvAndEkrAtIv-D@tIArEprAzAntsbyutAfAlTIGz-InDAklIrIstwe-bAtnatAndRIgzIstIGkAndISAnz-AndD@t-Inf@kt-ycrprAdusIGjuAlRzwRkr@DRD@ntIkCRz-
81,-D@tAstYlzwistrendcrsAvIrdAznatminD@tItIzclsorEniAs-
82,-InclRdligaTIkartIndidyuwIlfYndfelyRAvDIskYnd-AspESlidIstcrSAnImIjIdAti-wICarInmEnirIspEktpenfAlitubikAmpErdwIDAsplEndAdripozAvkl@sAgart-
83,-DAlarjlEtRkAntenzIndid-IntYRlifibAlnIldrcnfIgyRz-D@tIzmIrliCYldAsAnfelIGwRkAv@nAfIrh@nd-ItIznatkErAktRIstIkAvgaTIk-crEniADRskul-
84,-bAt-AbzRv-yuk@nonliduDIsanwAnkAndISAn-D@tAvstrYvIGclsotUkriet-Inri@lAti-DAbyutiwICyusikInIm@jAneSAn-
85,-ItwIlbiholiImpasAbAlfcryuturItenDAtr@GkwolAtiAvtEmpRAndfIlIsAtiAvfeT-nEsAsErifcrnobAlpUrspentIG-AnmlEsyuwar-@ktIbliEngezdImprAmotIGDAfIlIstiAnd-pisAvpr@ktAkAlYf-
86,-yumAstlUk@thImInDAfes-fYthIm-kaGkRhIm-wIDwAtskevyume-yunidnatTIGktukipWtItDAweAvhIm-
87,-DAkAlRAst-sEz-fRstAvcl-@zmYdIlISAspErAkewazrubi-soDIsn@stivYfcrS@lbibl@k-AndDEnIzDAkwEsCAn-k@nYrWndhImcf-ivInDohiIzbl@k-AndmekhImslYmi-AndyEtsprIGIGAndklosdWn-kladAdlYkApUlAbl@kblAdanDART-clDAsem-
88,-nATIGwIlbimcrprESAstuyuYTIGk-InDApr@ktAkAlstAdiAvart-D@nDAkAnvIkSAn-wICwIlfcrsItsElfanyumcrndmcrEvRiWR-AvDAweclTIGzarbWndtAgEDR-lItAlAndgret-InspIrAtAndInm@tR-
89,-yunoYh@v-jAstbIntElIGyuhWDAskulmAtIrAlIzAmInkleIndvalvdItsElf-@tl@stInklWdIndfYR-
90,-hirIz@nikwAlitIfAkAlgrikskul@ndskepbYwIlsAn-lcstholiAngoldnmIst-DAtrizsoslYtlidrcnD@tyudontnoIfDeartriz-crtWRz-AndnokErfcrkAlRwAtsoEvR-pRfAktlidIsEptAvInmarvAlAsIfEktAvsAnSYnTruDAmIst-ApaloInDApIfan-
91,-nWhIrIzrAfYo-Igz@ktlibItwinDAtu-trizstIldrcnlifbYlif-holifcrmAl-bAtbyutAfAlmIstkAmIGgr@juAliIntuDAdIstAns-
92,-wYlDEnl@st-hirIztRnRz-grikskulAvDAhYAstkl@s-AndyudufYndhIzart@bsAlutli-@zfRstDAdIspleIGIntEnsli-AndwIDAstRnAstIntAlEkt-Avn@CRAlfcrm@zItIz-AndDEnDAInvElApmAntAvIt-wIDklWdIndfYR-
93,-onli-DErartuscrtsAvklWdInfYR-
94,-hinozDEmbAT-
95,-DErzwAnAndDrzAnADR-DAdAdli-InDAflInt-
96,-ItIzonliAp-pEnsAlWtlYnbYEdwRdbRnjEnz-InIlAstreSAnAvDAstcriAvsYki-ItIzDAIntrAdAkSAnAvsYki-@ftRclhRtrAbAlzIntuhEvAn-
97,-EvRipl@ntInDAgr@sIzsEtfcrmRli-grozpRfAktli-AndmebirilYzdkAmplitli-
98,-EkskwAzAtcrdRAndyunAvRsAlwIDItRnAlYfAndlYt-DIsIzDAfeTAnEfRtAvDAskulzAvkrIstAl-AndyumedIskrYb-AndkAmplitDErwRkwYtlItRAli-bYtekIGEnivRsAzAvCcsRInhIztEndRmud-AndAbzRvIGhWhiInsIstsanDAklIrnAsAndbrYtnAsfRst-AndDEnanDAcrR-
99,-DAs-InCcsRzdrim-
100,-InboTDizhYmITAkAlsAbjIkts-DAsRWndIGneCRDAsAfRIG-IzstIldIgnAfYdAndbyutAfAl-
101,-EvRilYnInwICDAm@stRtresAzIt-ivInwRsimIGlinEglAjAn-@zlAvliAnds@tdWnwIDAmEdAtetAvkamnAs-wICmeksDiztu@CIGzkepAbAlAvbiIGplestbIsYdDAmostr@GkwAlwRkAvholbYn-crdUr-
102,-bAtnWhirzAsAbjIktAvwIC-yuwIlwAndR@tfRstwYtRnrdruIt@tcl-
103,-I@znobyutiwAtsoEvRnospESAltiAvpIkCRAsknAs-AndclItslYnzarkr@mptAndpUr-
104,-DAkr@mpnAsInDApavRtiarclIntEndAd-
105,-ItIzAglinRbrIGIGdWnhRwAnSifAvkcrntu@noldwctRmIl-ItsElfmcsiAndrEnt-skErsliebAltugEtItstonztutRn-
106,-DAsinIz@bsAlutliarkediAn-
107,-siD@tycrlIzbiInATIGwRsD@nAbOzklYmIGfcrhIzEnt@GgAldkYt-
108,-ItwIlbiwElfcryu-dyujOnatwIDozhunstEdAvkYtsflYf@lkAnz-huInstEdAvobenDAl@stwRdzAvDAgretklWdSEpRd-tufithIzSip-lYvdDAlIvz-hWmAClEsD@nv@nAti-AvDAwcrlwUlfInDAgIrAgAl-
109,-clsoApapyAlRkAndrYvAns-wErbYlAvmekimebisAspEndAd-bAtnatstapt-dUrIGDApIknIksizAn-
110,-hR@G-DAtYRsAmpradIktAvAtYRlAstAG-
111,-@Ggcr-hen-pentrAltuhir-
112,-hefivR-AhartrAbrAlkazdbYfalIGInlAvwIDAgr@swidu-
113,-hEvAn-argUdplestubirezdtu-
114,-hEj-AfEns-
115,-hREdAti-DAkazAvclWRfclts-
116,-hcrsEns-AdIgriAvwIzdAmD@tkipswAnfrAmbEtIGanDAresAz-
117,-hoz-m@nzIkskyusfcrwEsIGDAwck-
118,-hWtEl-ApleswErYgEstcfAngIvzApAgUdalRzfcrpUrkwcrtRz-
119,-hWskrinIG-AdAmEstIkAphivAl-AndD@tmeksIt-izifcrDAgAvRmAntuEnlIst-clDAsoljRz@tnidz-
120,-hAzbAnd-DAnEkstTIGtuAwYf-
121,-h@si-wUmAn-Andband-tY-
122,-AntYd-tuAwUmAn-
123,-hIpAkrIt-AhcrsdIrR-
124,-DozprItircGzD@tlIbRtikAmIts-wEnY@msAmtYm@bsAntfrAmDYhart-DYbyuti-AndDYyIrzfUlwElbIfIts-fcrstIltEmteSAnfalozwErDWart-
125,-Ymi-
126,-nom@tRDEn-clDomYfUtdIdst@nd-ApanDAfaDAst-RT-rimuvdfrAmDi-fcrnImbAlTct-k@njAmp-boTsiAndl@nd-@zsun@zTIGk-DApAleswErhiwUdbi-bAta-
127,-TctkyIlzmiD@tY@mnat-Tct-tulivlarjlEGkTsAvmYlzwEnDWartgcn-bAtD@tsomACAvRTAndwctRrat-YmAstAtEnd-tYmzlEZRwIDmYmon-rAsivIGnat-bYElAmAntsoslo-bAthEvitErz-b@jAz-AviDRzwo-
128,-mYhartdcTplid-D@tDWInhyImndaslY-AklazAtnEvRpIrstwIDkrIstAlYz-bAtDAdIfEndAnt-dcTD@tplidInY-AndsEzInhInDYfErApIrAnslYz-
129,-yuarmYclDAwRld-@nYmAststrYv-tunomYSimzAndprezIzfrAmycrtAG-nanElstumi-ncrYtunAnAlYv-D@tmYstildsEnscrCenjAzrYt-crcG-
130,-otIstDAfRst-tIsfl@tRiInmYsin-AndmYgretmYndmostkIGlidrIGksItAp-mYnYwIlnozwAtwIDhIzgAstIzgrin-AndtuhIzp@lAtdcTtpripErDAkAp-IfItbipOzAnd-tIstDAlEsRsIn-D@tmYnYlAvzIt-AndcTfRstbIgIn-
131,-bAtrEkAnIGtYm-huzmulyAnt@ksAdAns-kripIntwIkstvWz-EnCenjdukrizAvkIGz-tEnsekrAdbyuti-blAnd-DASapAstIntEns-dYvRtstrcGmYndztuDAkcrsAvcltRIGTIGz-Al@s-wYfIrIGAvtYmztIrAni-mYtYnatDEnse-nWYlAvyubEst-wEnYwazsRtAncrInsRtAnti-krWnIGDAprEzAnt-dWtIGAvDArEst-
132,-lAvIzAbeb-DEnmYtYnatseso-tugIvfAlgroT-tuD@t-wICstIl-dcTtgro-
133,-soYrItRnrIbyupt-tumYkAntEnt-AndgenbYIl-TrYsmcr-DEnYh@vspEnt-
134,-ItwazDIsabzRveSAnD@tdrufrAmdAglAs-natImidiAtlibAtletRanDAivnIG-ArIplYD@th@dDAIntrAstIGkansAkwAns-tuwICYkclAtEnSAn-
135,-sAmwAnElskoldAstcrInaptrtIkyAlRliAfEktIv-wICYschiwaznatfaloIG-
136,skrYdwEnAvDAwImAn-hitUknonotAsAvhR-hilUkt@tmi-bAt@zIf-InstEdAvmi-hiscbAthispokAv-
137,-DErwazAyun@nAmAsgron@tDIs-AndmACrproC-@ftRwICInhIzpriakyApYdwehiIksplend-
138,-InDAstcrizrItAn-
139,-YkUdrYtumYm@nAnAndklozdDAki-hikUdsEndWnDAp@kAt@zhifYndzIt-
140,-DADRzrizEntAdpEsponmAnt-bAtItwazjAst@zkrupAlzDACarmdmi-
141,-tuDIshIz@nsRwazprampt-hos@Gktgadno-And-IzDArEkAdRz-
142,-hihAGfYRAgEn-AwUmAnz-
143,-Sih@zbIndEdDiztwEntiyIrz-
144,-SisEntIGDApejAzInkwEsCAnbIfcrSidYd-
145,-SiwazDAmostAgriAbAlwUmAnYvEvAnonInhRpAzISAn-SiwUdh@bInwRDiAvEniwAtEvR-
146,-pazAnsImpiD@tSisEdso-bAtD@tYnuSih@dAnt-YwazSUrYkUdsi-
147,-yulizlijAjwYwEnyuhirbIkczDATIGh@dbInsACAskEr-hikAntInyudtufIksmi-
148,-yuaAkyut-
149,-hikwItIdDAfYRAndraptb@kIntuhIzCEr-
150,-prabAblinatulDAsEkAndpost-
151,-ItwazclmostDAtonAvhop-EvribadiwIlstEe
152,-krYdDAledizhuzdIpartRh@dbInfIkst-
153,-mIsIzgrIfAnhWEvRIksprEsDAnidfcrlItAlmcrnlYt-
154,-u-wazItSiwazInlAvwID-DAstcriwIltEl-YtUkApanmYsElfturIplY-oYkantwetcrDAstcri-DAstcri-wont-tElsEdAGlAs-natInEnilItRAlvAlgRwe-mcrzDApItiDEn-
155,-wontyutEldAglAs-
156,-fcrEl-hivYdonuhuSiwazInlAvwID-Ynohuhiwaz-
157,-lEtmisehirdIstIGktlituh@vdAnwIDIt-DEtDIsn@rAtIv-frAm@nIgz@kt-tr@nskrIptAvmY-onmedmACletR-IzwAtYSwAlprEzAntligIv-
158,-pUrdAglAs-bIfcrhIzdET-wEnItwazIntsYt-kAmItAdtumiDAm@nyAskrIpt@triCthImanDATRdAvDizdezAndD@t-anDAsemspat-wIDImEnsIfEkt-hibIg@nturEdtuWRhAStlItAlsRkAl-anDAnYtAvDAfcrT-
159,-DAdIpartIGledizhuh@dsEdDewUdstedIdAntAvkcrsT@GkhEvAnste-DedIpartAd-InkansAkwAnsAvRenjmAntsmed-InArejAvkyUriasAti@zDeprAfEst-prAdustbYDAtACAzwIDwIChih@dclrEdiwRktIzAt-
160,-DAfRstAvDiztACAzkAnvedD@tDArItAnstetmAnt-tUkApDAtel-@tApOnt-@ftRIth@d-InAm@nR-bIgAn-
161,-hih@dfcrhIzontWnrEzIdAnsAvbiIghWsfIldwIDAspOlzAvtr@vAl-AndDAtrofizAvDACes-bAtItwaztuhIzkAntrihom-@noldf@mAliplesAnEsIks-D@thiwISthRImidiAtlituprAsid-
162,-bDAakwRdTIGwazD@tDeh@dpr@ktAklinoADRrileSAnz-@dAmz@thIzonAfErztUkApclhIztYm-
163,-DewRplEntiAvpipAltuhElp-bAtAvkcrsDAyAGledihuSUdgodWn@zgAvRnAs-wUdbiInsAprimATcrti-
164,-Y-dont-AntIzApet-
165,-SiwazyAG-AmtrYd-nRvAs-ItwazAvIZAnAv-sIriAsdutizAndlItAlkAmpAni-fAvrIligretlonlinAs-
166,-hyIzbAtD@tstrAstDAbyutiAvhRp@SAn-
167,-hiIzwazDAbyutiAvIt-
168,-ItsWntAdAl-b@tsWndAdstrenj-AndclDAmcrsAbIkczAvhIzmenkAndISAn-wICwaz-
169,-SipramAstuduDIs-AndSimEnSAndtumiD@twEnfcrAmomAnt-dIsbRdAnt-dIlYtAd-hihEldhRh@nd-T@GkIGhRfcrDAs@krAfYs-SiclrEdifEltrIwcrdId-
170,-DEIswazD@tclhIvrIwcrd-wAnAvDAlediz@skt-
171,-hWstrenjItsimd-tuDAs@dwUmAn-@fSiwaCtDAgroTAndDAbyutiD@tbIkemEvRidemcrbrIlyAnt-AndDAIntElAjAnsD@tTruItskwIvRIGsAnSYn-ovRDAtYnifiCRzAvDIsCYld-
172,-gad@zAdREktkansAkwAnsAvDAsInwICm@nDAspAnISt-h@dgIvAnhRAlAvliCYld-huzpleswazanD@tsendIsanRdbUzAm-tukAnEkthRpErAnt-fREvRwIDAresAndIsEntAvmcrtAlz-AndtubifYnAliAblEstusolInhEvAn-
173,-yEtDizTctsAfEktAdhEstRprInlEswIDhop-D@n@prIhEnSAn-
174,-DACYldh@dAnetIvgreswICdAznatImvEriAblikoIgzIstwIDfctlAsbyuti-ItsAtYRhWEvRsImpAl-clwezImprEstDAbIholdR@zIfItwRDAvErigarbD@tprIsYslibIkemItbEst-
175,-DIsWtwRdnutAbIlAtiIndAketAdAndIdnatmcrD@nfErliIksprEst-DAvEriAsprapRtizAvhRInRlYf-
176,-hEstRkUdonliAkWntfcrDACYldzkErIktR-AndivInDEnmostvegAliAndImpRfIktli-bYrIkclIGwAtSihRsElfh@dbIndUrIGD@tmomAntdIspIriAd-wYlpRlwazImbYbIGhRsolfrAmDAspIrICAwAlwRld-AndhRbadAlifrenfrAmItsmAtIriAlAvRT-
177,-DewRnWIlumAnetAdbYDAmcrnIGrediAnsAvA-yAGCYldzdIspAzISAn-bAt-letRInDAdeAvRTliEgzIstAns-mYtbipRlIfIk-AvDAstcrm-AndwRlwInd-
178,-hEstRprInEvRDAlEs-DAlAvIGmADRAvDIswAnCYld-r@nlItAlrIskAvErIGanDAsYdAvAndusIvErIti-
179,-mYndfAlhWEvRAvhRonErRzAndmIsfcrCAnz-SiRlisctuImpozAtEndRbAtstrIktkAntrolovRDAInfAntImcrt@lAti-D@twazAkAmItAdtuhRCarj-
180,-@ztuEniADRkYndAvdIsAplAn-wEDRAdrEstuhRmYndcrhart-lItAlpRlmYtcrmYtnatbiwIDInItsriCInAkcrdAnswIDAkApristD@troldDAmomAnt-
181,-ItwazAlUksoIntElAjAnt-yEt-InIksplEsAbAl-pRvRs-sAmtYmzsomAlISAsbAtjEnRAliAkAmpAnidbYAwYldfloAvspIrAts-D@thEstRkUdnathapkwEsCAnIG@tsACmomAnts-wIDERpRlwazAhyumAnCYld-
182,-bIholdIGIt-hEstRwazkAnstrendturAStAwcrdzDACYld-tupRsuDAlItAlElT-InDAflYt-wICSiInvEriAblibIg@n-tusn@ChRtuhRbUzAm-wIDAklosprESRAndRnIstkIsIz-natsomACfrAmovRfloIGlAv-@ztuASUrhRsElfD@tpRlwazsflESAndblAd-Andnat-AtRlidIlusIv-
183,-budIGovRclDizm@tRz-DAmADRfEltlYkwAnhuh@zAbokdIspIrAt-bAt-bYsAmIrEgyAlErAtiInDAprasEsAvkanjReSAn-h@zfeldtuwInDAm@stRwRd-D@tSUdkAntrolDIsnuAndInkamprihEnsIbAl-IntElAjAns-
184,-pRlwazAbcrnWtk@stAvDAImfAntYlwRld-
185,-pRlsc-AndgezdIntEntli-bAtnEvRsctumekAkwentAns-
186,-IfspokAntu-SiwUdnatspikAgEn-
187,-hEstRprInwEtwAndetuDAm@nSAnAvgAvRnRbElIGh@m-wIDApErAvglAvzwaCSih@dfrRnjdAndEmbOdRtuhIzcrdR-AndwICwRtubiwcrnansAmgretAkeZAnAvstet-fcr-DoDAC@nsAzAvApapyAlRrIlEkSAnh@dkazdDAspcrmRrulRtudIsEndAstEpcRtu-frAmDAhYAstr@Gk-histIlhEld@nanRAbAlAndImfluEnCAlples-AmAGDAkAloniAl-m@jIstrezi-
188,-AnADRAndfarmcrImpcrtAntrizAnD@nDAdIlIvRiAvApErAvDEmbOdRdglAvzImpEldhEstR@tDIstYm-tusik@nIntRvyuwIDApRsAnAjAvsomACpWRAnd@ktIvAti-InDAfErzAvDAsEtAlmAnt-
189,-@tD@tEpAkAvprIstinsImplIsAtihWEvR-m@tRzhAvivInslYtRpAblIkIntrAstAndAvbarlAsIntrInsIkwet-tD@nDAwElfEr-ApEstRAndhRCYld-wRstrenjlimIkstApwIDAdIlIbReSAnz-AvlEjAsletRzAnd@ksAvstet-
190,-DApIriAdwazhardliIf@tclRliRD@nD@tAvWRstcri-wEnAdIspyutkAnsRnIGDArYtAvprapRtiInApIg-natonlikazAfIrsAndbItRkantEstInDAlEjAsletAvbadiAvDAkalAni-bAtrIzAltIdIn@nImpcrtAnt-madAfAkeSAnAvDAfremwRkItsElfAvDAlEjAsleCR-
191,-wih@vspokAnAvpRlzrICAndlAgZRiAntbyuti-AbyutiD@tSonwID-dip-AndvIvAd-tInts-AbrYtkAmpEkSAn-YzpAzEsIGIntEnsAtiboTAvdEpTAndglo-AndhErclrEdiAvAdip-glcsibrWn-AndwICAnd@ftRyIrzwUdbinIrliAkIn-tubl@k-
192,-ItwazDAskarlAtlEtR-IntAnADRfcrm-DAskarlAtlEtREndWd-wIDlYf-
193,-DAmADRhRsElf-@zIfDArEdIgnomAniwRsodipliskcrCtIntuhRbren-D@tclhRkAnsEpSAnzAsomdItsfcrm-h@dkErfAlirctWtDAsImIlAtud-l@vISIGmEniWRzAvmcrbId-InjAnuAtitukriet@nAn@lAji-bItwinDAbjEktAvhRAfEkSAn-AndDA@mblAmAvhRgIltAndtcrCR-
194,-bAt-IntruT-pRlwazDAwAn@zwEl@zDADR-AndonliInkansAkwAnsAvD@tYdEntAti-h@dhEzdR-kAntrYv-sopRfAktli-turEprAzEntDAskarlAtlEtR-InhRApIrAns-
195,-kAmDErfcrAndlEtAsflIGmAt@tDEm-
196,-bAtpRl-huwazAdcntwasCYld-@ftRfrWnIG-st@mpIGhRfUt-AnSekIGhRlItAlh@ndwIDAvRYAtiAvTrEtAnIGjEsCRz-sAdAnlimedArAS@tDAnatAvhREnAmiz-AndpUtDEmcltuflYt-
197,-SiskrimdAndSWtAdtuwIDAtRIfIkvalyumAvsWndwIC-dWtlAskazdDAhartsAvDAfyujItIvz-tukwekwIDInDEm-
198,-ItwazfRDRdEkRetAdwIDstrenjAndsimIGlik@bAlIstIk-fIgyRzAndYAgr@mdz-sutAbAltuDAkwentestAvDAejwICh@dbIndrcnInDAstAko-wEnuliledan-Andh@dnWgronhardAndcrAbAl-fcrDA@dmReSAnAv@ftRtYmz-
199,-DeAproCtDAdcr-wICwazAv@narCtfcrmAndfl@GktaniCsYdbYAnErotWRcrprAjEkSAnAvDA@dAfAs-InboTAvwICwRl@tAswIndoz-DAwUdAnSAtRztuklozovRDEm@tnid-
200,-lIftIGDAYRnh@mrD@thAG@tDApcrtAl-h@stRprIngevAzsAmAndzwICwaz@nsRdbYwAnAvDAgAvRnRzbandsRvAnts-AfribcrnIGglISm@nbAtnWAsEvAnyIrzslev-
201,-yehIzhanRAbAlwRSApIzwIDInbAthih@dDegadlimInAstRcrtuwIDhIm-AndlYkwYzAliC-
202,-yumenatsihIzwRSApnW-
203,-wIDmEnivErieSAnz-sAgjEstAdbYDAneCRAvhIzbIldIGmAtIriAlz-dIvRsAtiAvklYmAt-AndAdIfRAntmodAvsoSAlYf-gAvRnRbElIGh@mh@dpl@ndhIznuh@bAteSAn-@ftRDArEzIdAnsAzAvjEntAlmInAvfErIstetInhIznetIvl@nd-
204,-anDAtebAl-AndtokAnD@tDAsEndAmAntAvoldIGglIShaspAt@lAtih@dnatbInlEftbIhYnd-stUdAlarjpyutRt@GkRd-@tDAbatAmAvwIC-h@dhEstRcrpRlpiptIntuIt-DemYth@vsinDAfrcTArEmnAnt-AvArisAntdr@ftAvel-
205,-lItAlpRlhuwaz@zgretliplizdwIDAglemIGarmR@zSih@dbInwIDAglItRIGfrAntAspisAvDAhWs-spEntsAmtYmlUkIGIntuDApalIStmIrRAvDAbrEstplet-
206,-mADRkrYdSiYsiyuhir-lUk-lUk-
207,-AndtruT-Sisimd@bsAlutlihIdAnbIhYndIt-
208,-pRlAkcrdIGlir@ntuDAbowIndo@tDAfRDREndAvDAhcl-AndlUktAlcGDAvIstAvAgardAnwckIpAtIdwIDklosliSevAngr@s-AndbcrdRdwIDsAmrudAndImAtUrAtEmpt@tSrAbRi-
209,-bAtDAprAprYAtRApIrdclrEdituEvRilIGgwISt@zhoplAs-DAEfRtupRpECAwetanDIsYdAvDAtl@ntIk-InAhardsOl-AndAmIdDAklostrAgAlfcrsAbsIstAns-DAnetIvIGglIStest-fcrcrnAmEntAlgardAnIG-
210,-DErwRAfyurozbUSAzhWEvR-AndAnAmbRAv@pAltriz-prabAbliDAdIsEndAnsAvDozpl@ntAdbYDArEvRIndmIstRbl@kston-DAfRstsEtAlRAvDApAnInsAlA-D@th@fmITAlajIkAlpRsAnAjhurYdzTruWRli@nAlzsitAdanDAb@kAvAbcl-
211,-pRl-siIGDArozbUSAzbIg@ntukrYfcrWRrEdrozAndwUdnatbip@sAfYd-
212,-hiwcrblusIkstakIGz-blunip@nzwIDgoldbAkAlz-AblurAfAldwestAndAj@kAtIvbrYtblubretAdwIDgold-
213,-hIzh@th@dApiktkrWndIdAfl@tbrIm-AndRWndDAbrImwazAroAvtYnigoldAnbElzD@tIGkAldwEnhimuvd-
214,-InstEdAvSuz-DAoldm@nwcrbutswIDtRnovRtaps-AndhIzblukoth@dwYdkAfsAvgoldbred-
215,-fcrAlcGtYmhih@dwIStuIksplcrDAbyutAfAl@ndAvazInwICDelYvd-
216,-wEnDewRWtsYdAGsImplil@CtDAdcrAndstartAdApDAp@T-
217,-nowAnwUdIstRbDErlItAlhWs-ivInIfEniwAnkemsofarIntuDATIkfcrAstwYlDewRgcn-
218,-@tDAfUtAvDAmWntAn@tsEpRetAdDAkAntriAvDAmAnCkAnzfrAmDAkAntriAvDAgIlAkAnz-DAp@TdIvYdAd-
219,-hinuItwUdtekDEmtuDAhWsAvDAkrUk@dmAjISAn-humhih@dnEvRsinbAthuwazDErnIrAstnebWR-
220,-clDAmcrnIGDetrAjdApDAmWntAnp@TAnd@tnunAGkAnojos@tanAfalAntritrAGk-kAndetDAl@stAvDAbrEdwICDAoldmAnCkInh@dplestInhIzpakAt-
221,-DEnDestartAdanAgEn-AndtuWRzletRkemInsYt-AvDAhWsAvdaktRpIpt-
222,-AnkAnakt@tDAdcrAvDAhWsAndACAbiplEzAntfestwUmAn-drEstclEnblu-opAndIt-AndgritAdDAvIzAtRzwIDAsmYl-
223,-Y@mYdIrAndclstrenjRzarwElkAmdtumYhom-
224,-wih@vkAmfrAmAfYRlonliAplesD@nDIs-Alolicrples-
225,-AndyumAstbioduDAnlAki-Si@dAd-
226,-ogoh@dnEvRitAnsACAfYnmilInclhIzlYf-
227,-blIrt@vAlIG-rIplYdojo-Andwistap@tycrhWsjAstyREsIGcrAfrESWRsElvz-
228,-DAwUmAnsimdTctfAl-
229,-nwAnEndstUdAgretfYRples-InwICAblulcgwazblezIGwIDAbluflem-AndovRDAfYRhAGfcrkEtAlzInAro-clbAbAlIGAndstimIG@tAgretret-
230,-hteksmisEvrAlyIrztumekDIsm@jIkpWdRpUt@tDIsmomAntY@mplizdtusteItIznIrli-dAn-yusiYmekIGItfcrmYgUdwYfmargAlat-huwAnstuyusAmAvItfcrApRpAsAvhRon-
231,-yumAstnosEdmargRAledwEnDewRolsitAdtAgEDRanDAbrcdwIndosit-D@tmYhAzbAndfulISligevAweclDApWdRAvlYfhifRstmed-tuoldmAbiDAwIC-huyustulivInDAkAntriAvAgIlIkAnztuDAncrTAvhir-
232,-DAfRstlatwitEktAdanWRgl@skh@t-wICnatonlibIg@ntulYvbAth@zlivdEvRsIns-
233,-YTIGkDAnEkstgl@sk@pAnmAjISAnmeks-wIlh@vniDRbrenzncrhart-fcrDEnItwIlnatabjEktuk@CIGmYzAndmepruvAvsAmyustuAs-
234,-YmAfredYdontnomACAb@dDAl@nd@zYz-
235,-yusiY@vlYvdanmYlYfwITAnAmkiDAsYlAntwAn-AndDErwaznowAnukWntmiEniTIG-
236,-D@tIzwAnrizAnyuarojoDAnlAkisEdDAwUmAnInsImpATEtIkton-
237,-YTIGk-YmAstSoyumYp@CwRgRl-sEdmargIlat-l@fIG@tDAbOzAstanISmAnt-fcrSiIzr@DRdIfAkAltuIksplen-
238,-bAtfRstEGpAltElyuD@tfrAmEniyIrzYh@vlcGdfcrhIsRvAnt-tuhElpmiwIDAhWswRk-AndtukokhumilzAndwaCtDAdISAz-
239,-yEtD@t@skwaznatsoizi@zyumesApoz-
240,-AbEdkwIltmedAvp@CAzAvdIfRAntkYndzAndkalRzAvklcTclnlitlisotAgEDR-
241,-sAmtYmzItIzkcldAkrezikwIlt-bIkczDAp@CAzAndkAlRzarsomIkstAp-
242,-wEnYfWndItYsEdtumYsElfD@nItwUdunYslifcrmYsRvAntgRl-fcrwEnSiwazbrctulYfSiwUdnatbiprWdncrhcti-@zDAgl@sk@tIz-fcrsACAdrEdfAlmIksCRAvkAlRzwUdIskRAdhRfrAmtYGtubi@z-dIgnAfYd@zDAblumACgEnzar-
243,-@tDAEmrAldsItiwErWRprInsEsczAmbIliIvzgrinIzApapyAlRkAlR-
244,-YwIlSoyuwUdAgUdjabYdId-AndSiwEntuItclkAbRd-AndTruopAnDAdcrz-
245,-ojuIgz@mAndDIskyUriAskAntrYvAnswIDwAndR-
246,-largAlath@dfRstmedDAgRlzfcrmfrAmDAp@CwRkwIld-AndDEnSih@drEstItwIDAp@CwRkskRtA-nd@neprAnwIDpakAtsInIt-yuzIGDAsemgemAtIriAlTruWt-
247,-DAhEdAvDAp@CwRgRlwazDAmostkyUriAspartAvhR-
248,-DAhErwazAvbrWnyarnAndhAGdWnanhRnEkInsEvrAlnidbredz-
249,-goldIzDAmostkamAnmEtAlInDAl@ndAvaz-AndIzyusdfrAmEnipRpAsAzbIkczItusaftAndplYAbAl-
250,-noYfRgadAmAbWtubrenz-IksklemdDAwUmAn-
251,-wElD@tmebitru-AgridmargAlak-bAtanDAkaGtrEriAsRvAntwIDtumACbrenzIzSUrtubIkAm-InIpEndAntInhYAndmYti-AndfilAbAvhRwRk-
252,-SipcrdIntuDAdISAkwantAtifrAmiCAvDizbatAlz-
253,-YTIGD@twIldu-SikAntInyud-fcrDADRkwalAtizarnatnidAdInAsRvAnt-
254,-Sir@ntuhRhAzbAndsYd@twAnsAndhElpthImlYfDAfcrk@tAlzfrAmDAfYR-
255,-DErkantEntsh@dclobOldAwe-livIGInDAbatAmAviCkEtAlAfyugrenzAvfYnwYtpWdR-
256,-DErikErfAliDAmAjISAnrimuvdDIspWdR-plesIGItcltAgEDRInAgoldAndIS-wErhimIkstItwIDAgoldAnspun-
257,-nowAnschImduDIsfcrclwRlUkIG@tDApWdRAvlYf-bAtsunDAwUmAnrImEmbRdwAtSih@dbInduIG-Andkemb@ktuDAkAbRd-
258,-ojobIkemAbItAnizi@tDIs-fcrhih@dclrEdipUtkwYtAlatAvDAklEvRnAspWdRInDAdIS-bAthidErdnatIntRfIr-InsohikAmfRtIdhImsElfwIDATctD@twAnk@nath@vtumACklEvRnAs-
259,-hisAlEktAdAsmclgoldbatAl-wIDApEpRbakstap-soD@tDApWdRmYtbisprIGkAldanEniAbjEktTruDAsmclholz-
260,-mostpipAltcktumAC-soItIzArIliftufYndwAnhutckstulItAl-
261,-YmnatAlWdupIfcrm@jIk-IksEptfcrmYonAmyuzmAnt-hitoldhIzvIzAtRz-@zhilYtAdApYp-wIDAkrokAnstEm-AndbIg@ntusmok-
262,-DAwIzAtAvczhuyustubiAhAGbalgAnunom@tIk@tclh@zbIntekIGlEsAnzAvgl@ndAp-AndYmtoldhiIzgEtIGtubiAprItigUdwIzRd-bAthiIznIrliDAsIstAntAvDAgretscrsRz-
263,-ItruliIz-AsRtAdDAmAjISAn-
264,-YnoyuzDEm@zcUdAmEntAlst@CuERiInmYgardAn-
265,-dumiwAtAC@tRbaksargEtIGtubiyAGk-rImarkDAmAjISAn-huwazplizdwIDAkamplAmAnt-
266,-@sktDAvOs-InskcrnfAl@ksEnts-
267,-DAgretfAlAplczAvDAklRji-h@zkansAkretAdDAmEmRiAvAprIns-huIndAljdDErp@SAnz-AndprAmotAdDErIntrAst-
268,-DAidIkAvmAl@n-DAgretCartRAvtalReSAn-h@dkAnfRmdtuiCIndAvIjAwAlAvDAromAnwRld-DAprIvlAjAvCuzIGAndprAfEsIGhIzonrIlIjAn-
269,-bAtDIsInEstAmAbAlprIvlAjwazsunvYAletId-wIDAnalAjAvtruT-DAEmpRAmbYvDAm@ksAmzAvpRsAkyuSAn-AndDAsEkswICdIsEntAdfrAmDAk@TlIkCRC-wRAflIktAdAndAprEst-bYDAtrYAmfAvkrIsCi@nIti-
270,-kanstAntiniDAlibIlivdD@tDAhErAtIks-huprAzumdtudIspyuthIzApInyAnz-crtuApozhIzkAm@ndz-wRgIltiAvDAmostAbsRdAndkrImAnAlabstAnAsi-AndD@tAsizAndAbAl@plAkeSAnAvmadRAsIvErAtiz-mYtsevDozAnh@pimEn-frAmDAdenjRAv@nEvRl@stIGkandAneSAn-
271,-sAmAvDApincrEgyAleSAnzwRkapidfrAmDAitIksAvdYAkliSAn-AndDIsmETAdAvkAnvRZAn-wazApladAdbYDAsembISAps-huh@dfEltDAh@ndAvAprESAn-AndplidAdfcrDArYtsAvhyum@nIti-
272,-DeAsRtAdwIDkanfAdAns-AndclmostwIDIgz@ltASAn-D@tDA@pAstalIkAlsAksESAnwazIntRAptId-D@tclDAbISApsAvyUrApAneZAlwRInfEktAdbYDAkAntejAnAvgIltInskIzAm-AndD@tDApRagAtIvzAvDAk@TIkCRCwRkAnfYndtuDACozAnpcrSAnAvDA@frAkAnbAlivRz-huAlonh@dprAzRvdInvYAlIt-DAIntEgrAti-AvDErfeTAndIsAplAn-
273,-bISAps-vRjAnzAndivInspatlAsInfAnts-wRsAbjEktIdtuDAdIsgres-AvApAblIkpEnAns-bIfcrDekUdbiAdmItAdtuDAkAnyunyAnAvDAdanAtIsts-
274,-prAskrYbdbYDAsImvAlAndAklizi@stIkAlpWRzAvDAEmpYR-DAdanAtIststIlmentendInsAmpravAnsAzpartIkyAlRliInAmIdiA-DErzupIriRnAmbRz-AndfcrhAndrAdbISAps@knalIjDAjUrAstIkSAnAvDErprYmet-
275,-sInsDApIriAdAvWRtelDA@ktIvspIrAtAvDAkAntrih@zsRWndAdItwIDAbEltAvrICIndTrYvIGsEtAlmAnts-DonAnbAtDAhAntRcrDAs@vAjAzEvRnonivInWtupEnAtretItswYldrisEsAz-
276,-DAduzwRsAfRdtuEksel-AndDAsAnh@dIspRstDAmIsts-AndwazSEtIGAstrcGAndklIrlYtInDAfcrAstwEnDAtr@vAlRzrizumdDErjRni-
277,-@ftRprisidIGAfyumYlz-DApragrEsAvhakYhulEdDAdv@ns-bIkemcrdIlIbRAt-AndwaCfAl-
278,-hicfAnstaptuIgz@mInDAtriz-ncrdIdhikrcsArIvyAlAtwITWtAtEntIvlikAnsIdRIGDAkwantAti-DAvAlasAti-AndDAkAlRAvItswctRz-
279,-dIstrAstIGhIzonjAjmAnt-hIzApilztuDApInyAnAvCIGgACgUkwRfrikwAntAndRnIst-
280,-yEthirwi-wIDInAScrtrenjAvDAskRonz-AndnatAsYnAvAtrelh@vwikrcst-
281,-lEtAsritrisWRstEps-AndIgz@mAn@zwigo-wIDkincRYz-
282,-CIGgACgUkh@dkatDAlUk-AndmoSAnIGwIDhIzh@nd-hibedhImspik-
283,-DAYzAvDAholpartifalodDAnIkspEktIdmuvmAnt-AndrEdDErsAksEsInDAErAvtrYAmfD@tDAyuTAsumd-
284,-ItwUdh@vbInmcrwAndRfAlh@dhispokAnwITWtAbIdIG-
285,-sisEdaGkAs-pOntIGncrTAndsWT-@tDAEvAdAntmarksAvDAbrcdtrelaniDRsYdAvhIm-DAdarkhErh@zgcntAwcrdDAfcrAst-
286,-IfArakcrIvyAlAtcrbItAvRThardRD@nkamAn-sEvRdDAlIGksAvDAkluDefalod-DAtruYAvDAskWtrAkAvRdDEm@tAdIstAns-AndsEldAmrEndRdDAdIleAvAsIGgAlmomAntnEsAsEri-
287,-IkstIGgwIStbr@ndzwRlYIGRWndAsprIG-DAafAlzAvAdIrwRsk@tRdAbWtDAples-AndDAtrizbcrEvAdAntmarksAvh@vIGbInbrWzdbYDAhcrsAz-
288,-AsRkAlAvAfyuhAndrAdfitInsRkAmfrAnswazdrcn-AndiCAvDApartitUkAsEgmAntfcrhIzpcrSAn-
289,-DAIgz@mAneSAnhWEvRrIzAltIdInodIskAvRi-
290,-DAholpartikrWdAdtuDAspatwRAGkAspOntAdWtDAImprESAnAvAmakAsAnInDAmOstIluviAn-
291,-rAnb@kaGkAsAndbrIGmiDAsYzAvDAsIGRzfUt-
292,-natwITst@ndIGDAhYrEzAluSAnAvhakY-hifUlikamprihEndIdclDAdIfAkAltizAndenjRhiwazAbWtuInkR-
293,-InhIzrItRntuDAk@mp-hIzAkyutAnpr@ktAstIntAlEks-wRIntEntAliEngejdIndIvYzIGminztukWntR@ktAwaCfAlnIzAndsAspISAnanDApartAvhIzEnAmiz-D@thinuwRInodIgriInfIriRtuhIzon-
294,-InADRwRdz-wYlhih@dImplIsAtfeTInDAbIlAtiAvbelAmz@sktuspik-hiwazsAmwAtskEptAkAlanDAsAbjIktAvAbErsIGIG-AndyEthih@dbInASUrdAvDAl@tRanDAtEstAmoniAvhIzonEkskwAzAtcrgAnz-
295,-DErwasAmTIGInhIzErAndAm@nRD@tbItredtuDAskWt-DAtRkAnfyuZAnAvDAstetAvhIzmYnd-
296,-DAInjinyAshakYhurIkcldDAhestim@nRInwICDADRh@dAb@ndAnhIzpost@tDAbEdsYdAvDAsIkwUmAn-waznatwITWthIzsAspISAnzkAnsRnIGDAsAbjIktAvsomACsalAmdIlIbReSAn-
297,-DAbErSUkhIzS@gisYdzAndDEnAwElnonvOsrIplYd-
298,-k@nDizTIGzbirItRndevIdbriDIGmcrfrili@zDAtruTbIg@ntudcnApanhIm-
299,-kAmkAmrItRndhakYAnkesIGhIzanAstkWntAnAns-DAbEtRtuASUrDAwevRIGkanfAdAnsAvhIzkAmp@nyAn-yumesiAskInwIC-IfItbinat@zwYth@zwAnAvDAjEntAlwAnz-h@znotInjAvrEdtuItD@tDAwIndzAvDAhEvAnAndDAsAnh@vnatbIstod-nW-lEtAstubIznAs-
300,-DAyAGm@nIzInbandIjAndmACYfIrhIzdETIzdIkrid-
301,-YgretlimcrnD@twAnsowEldIspozdSUdYInhIzIgnRAnsAndYh@vsctAgUdlihIm-Ik@nyulEdmituhIm-
302,-DAt@skwIlnatbidIfAkAltrItRndevIdhEzAtetIG-DoYgretlifIricrprEzAnswUdr@DRInkrisD@nmItAgethIzAnh@pifcrCAnz-
303,-DAlajInwICAGkAswazkAnfYndwazInDAvErisEntRAvDAvIlAjAndInAsICueSAnpRh@psmcrdIfAkAltInEniADRtuAproCcrlivwITWtabzRveSAn-
304,-fcrAfYvAvDAl@tRonlilIGgRdAbWtDAdcrAvDAprIzAnAvAGkAswEribAtklosAbzRvRzAvDAm@nRAvDErk@ptIv-
305,-dIlIvRdInAstrcGtonAvAsEnt-AnWnstDAgr@tAfAkeSAnDAs@vAjwUdrAsivAnwItnAsIGsAC@nEksAbISAnAvwiknAsAnd@nEnAmi-solcGhetAd-AndsomACfIrd-
306,-Dedrub@kAlItAlfrAmDAEntrAnsAndmoSAndtuDAsApozIdkanjRtuEntR-
307,-bAtDAbErInstEdAvobeIG-mentendAvDAsitAdh@dtekAn-AndgrWld-
308,-DAkAnIGm@nIzAfredD@thIzbrETwIlbIloApanhIzbrADRzAndtekAweDErkRAjtu-kAntInyudevId-ImpruvIGDAh@ndhirAsivd-DemAstst@ndfRDRcf-
309,-DEn@zAvs@tAsfYdAvDErsefti-DAskWtlEfthIzpAzISAnAndsloliEntRdDAples-
310,-ItwazsYlAntAndglumi-biIGtEnAntId-solibYDAk@ptIv-AndlYtAdbYDAdYIGEmbRzAvAfYRwICh@dbInyuzdfcrDApRpAsAvkUkRi-
311,-aGkAsakyApYdAdIstAntkcrnRInArIklYnIG@tAtud-biIGrIjAdlibWndboTh@ndzAndfitbYstrcGAndpenfAlwIDs-
312,-DAskWt-huh@dlEftdevId@tDAdcrtu@sRtenDewRnatAbzRvd-TctItprudAnt-tuprAzRvhIzdIsgYz-AntIlASUrdAvDErprYvAsi-
313,-wAtS@lwiduwIDAmIGgoz@tDAdcr-DekWntsIksAndDIsIGRIz@zgUd@znATIG-
314,-DAdElowErzarCIldAnAvDAtcrtAsIndDAWtstrIptDAdIr-
315,-AGkAzhuh@dclrEdiproCtDAdcrAndrEdinAstulEdDAwe-nWrikOld-AndplesthImsElfwAnsmcrInDAbatAmAvDAlaj-
316,-bAthakYhuwaztumACakyApYdwIDhIzonTctstunotDAmuvmAnt-kAntInyudspikIGmcrtuhImsElfIntuhIzkAmp@nyAn-
317,-soAGkAshih@dbEtRtekDAlEd-dwYlYwIlpUtanDAskInAgEnAntrAstukAnIGfcrwantAvspid-
318,-wEl-wAtk@ntbidAnbYmenkRAjAnwcrmAstbidAnbYsRkAmvEnSAn-
319,-@zsun@zDizdIspAzISAnzwRmed-DAskWtRndtudevInAndgevhImhIzpartIGInstrAkSAnz-
320,-mYpRsutsarpisfAlandmYtEmpRYhAmblitrAst-@zgretligIvAntumRsiInlAv-rItRndevIdAlItAlnEtElD@tsodREkt@nAt@kanhIzm@nhUd-bAtDErarnAnhuk@nseD@tYh@vEvRfRgatInmYfeTInDAlcrd-ivInInDAgretAststrets-
321,-IfyuarnatDEnaktanDAhEdyUrbiIG@nankAmpasRwIlprAtEktyu-AndyulDEnh@vAgUdrizAntuIkspEktudYInycrbEd-
322,-soCuzfcryRsElf-tumekArAS-crtErihir-
323,-brevliEnjEnRAsli@zhib@tAldInmYbIh@f-AndDIsAndmcrwIlYdErInhIzsRvAs-
324,-kipsYlAnt@zlcG@zmebi-AndItwUdbiwYzwEnyuduspiktubrekWtsAdAnliInwAnAvycrSWtIGzwICwIlsRvturimYndDAIndiAnzD@tyuarnatcltAgEDR@zrispansAbAlzmEnSUdbi-
325,-IfhWEvRDetekhRsk@lp-@zYtrAstInbIlivDewIlnat-dIpEndanIt-aGkAsAnYwIlnatfRgEtDAdidbAtrivEnjId@zbIkAmztruwcriRzAndtrAstifrEndz-
326,-holdsIdevIdpRsivIGD@twIDIsASUrAnsDewRAbWtulivhIm-Y@m@nAnwRDiInhAmbAlfaloRAvwAnhutctnatDAd@mAnAbAlprInsApAlAvrivEnj-
327,-DEnhivIGAhEvisY-prabAbliAmAGDAl@st-hiEvRdruInpYnIGfcrAkAndISAnhih@dsolcGAb@ndAnd-hi@dAd-ItIzwAtYwUdwIStupr@ktAsmYsElf-@zwAnwITWtAkrcsAblAd-DoItIznatclwezizitudilwID@nIndiAn-@zyuwUdwIDAfElokrIsCAn-
328,-gadblEsyufrEnd-YdubIlivycrsEntIznatgretlircG-wEnDAm@tRIzdulikAnsIdRd-AndkipIGAtRnAtibIfcrDAYz-DomACdIpEndzanDAn@CRAlgIftsInDAfcrsAvtEmteSAn-
329,-DAdElAwErdcghisEd-linIGfcrwRdInpirIGTruDAdImlYtuk@CDAIksprESAnAvDADRzfiCRzIzhiAfred-
330,-wIlDAhrAnzhirhIzgronz-
331,-DAmohikAnstartAdanhIzfit-AndSUkIzS@gikAvRIG@zDoDA@nAmAlhikWntRfItAdwazAbWtumeksAmdEsprItEfRt-
332,-hih@dnoAkeZAntudIlefcr@tDAnEkstInstAnt-AbRstsAvkrYzfIldDAWtRErAndr@nAlcGDAholIkstEntAvDAvIlAj-
333,-lAGkAzk@stIzskInAndstEptfcrTInhIzonbyutAfAlprApcrSAnz-
334,-YwIlIndEvRInmYstetmAntuAvOdsACtRmz@zwUdsRvtulImAtDAIvEntstuEniptIkyAlRples-crgIvAklu@ztuDApipAlkAnsRnd-
335,-Yh@dclweznonhImtubirEstlAsInhIzm@nR-bAtanDIspRtIkyAlRAkeZAnhiwazInsACAstetAvAnkAntrolbAl@jAteSAnD@tItwazklIrsAmTIGvEriAnyuZAwAlh@dAkRd-
336,-mYfrEndztEmpRh@dnatImpruvd-sInshih@dbIndIprYvdAvDAkAnjinyAlsRWndIGzAvbekRstrit-
337,-wITWthIzskr@pUks-hIzkEmAkAlzAndh@zhoGliAntYdinAs-hiwaz@nInkAmfRtAbAlm@n-
338,-Yh@dturidItovRkErfAli@zDAtEkstmAstbi@bsAlutlikREkt-
339,-Ywaz@bsAnt-r@DRmcrD@n@nWR-
340,-DAonliduplAkAtwICIgzIstAdsofar@zYnuwazD@twICbIlcGdtumYsRvAntb@nAstR-Am@nhuh@zlUkt@ftRmYrumfcrtEnyIrzAndhuzanAstiIz@bsAlutliAbAvsAspISAn-
341,-DAmomAntYlUkt@tmYtebAlYwazAwErD@tsAmAnh@drAmAjdAmAGmYpepRz-
342,-DAprufwazInTrilcGslIps-Yh@dlEftDEmcltAgEDR-
343,-DeltRnIvwazD@tsAmwAnp@sIGh@dAbzRvdDAkiInDAdcr-h@dnonD@tYwazWtAndh@dEntRdtulUk@tDApepRz-
344,-YgevhImAlItAlbr@ndiAndlEfthImkAl@pstInACErwYlY@medAmostkErfAlIgz@mAeSAnAvDArum-
345,-AbrokAntIpAvlEdwazlYIGDErclso-
346,-natonliDIsbAtanDAtebAlYfWndAsmclbclAvbl@kdAcrklewIDspEktsAvsAmTIGwIClUkslYksadAstInIt-
347,-AbAvclTIGzYdIzYRtusEtAlDAm@tRkwYAtliAndIskritli-
348,-tuDAbEstAvmYbIlifDewRroldAp-
349,-dIdEniwAnoD@tDizprufswUdbiDEr-nowAnsevDAprIntR-
350,-YwazInsACAhRitukAmtuyu-yulEftycrdcropAn-
351,-somAtsimztumi-
352,-nWmIstRsAmz-D@tycrIspozAl-
353,-AbAvcrTristudAntswAnAniCstcri-
354,-DEnhiAproCtIt-Andst@ndIGantIptowIDhIznEtkrenhilUktIntuDArum-
355,-DErIznoopAnIGIksEptDAwAnpen-sEdaRlRnIdgYd-
356,-Y@mAfredDErarnosYnzhir-sEdhi-
357,-wAnkUdhardlihopfcrEniApansodrYAde-
358,-yulEfthImDACEryuse-wICtEr-bYDAwIndoDEr-
359,-DAm@nEntRdAndtUkDApepRzSidbYSitfrAmDAsEntAltebAl-
360,-@zAm@tRAvf@kthikUdnatsEdsAmzfcrYEntRdbYDAsYdcr-
361,-hWlcGwIDAtekAntuduD@tyuzIGEvRipasAbAlkAntr@kSAnAkwcrtRv@nWRrnatlEs-
362,-DEnhitcstItdWnAndsizDAnEkst-
363,-hiwazInDAmIdstAvD@twEnycrItRnkazdhImtumekAvErihRidritrit-vErihRid-sInshih@dnatYmturiplesDApepRzwICwUdtElyuD@thih@dbInE-
364,-mIstRsalmzwazsAmwAnovRwElmdbYDIsflAdAvInfRmeSAn-
365,-homzhWdWtAsmclCIpwIDAlEtRzAnd-EnAndAspesAvklIrwUd@ftRDEm-yusi-
366,-wAtsAnYh@vclwezdAnyuAndInjAstIs-DErarADRz-
367,-YwazhopIGD@tIfDApepRanwIChirotwazTInsAmtresAvItmYtkAmTruApanDIspalIStsRfAs-noYsinATIG-
368,-@zhomzdruDAkRtAnYwazAwErfrAmsAmlItAlrIjIdAtiAndInlRtnAsAvhIz@tAtudD@thiwazpripErdfcr@nImRjAnsi-
369,-homzstRndAweAndstuptsAdAnlituDAflcr-hAlowAtIzDIs-
370,-homsEtAdWtanhIzopAnpamInDAglErAvDAIlEktrIklYt-
371,-wAtkUdhiduhikatApEvriTIGwICwUdbItrehImAndhirAStIntuycrbEdrumtukAnsilhImsElf-
372,-YAndRst@ndItuseD@tDErarTristudAntuyuzDIstErAndarInDAh@bAtAvp@sIGycrdcr-yEsDErar-
373,-AndDearclInfcrDIsIgz@mAneSAn-yEs-
374,-wAnhardlilYkstuTrosAspISAnwErDErarnoprufs-
375,-lEtAsutAsAspmISAnzYwIlUk@ftRDAprufs-
376,-mYskalRh@zbInlEftAvEripUr-bAthiIzhardwRkIGAndIndAstriAs-hiwIlduwEl-
377,-DAtapflcrbIlcGztumalzmIklErAn-
378,-YdEntatgosofar@zD@t-bAtAvDATrihiIzpRh@psDAlistAnlYkli-
379,-hiwazstIlsAfRIGfrAmDAsAdAndIstRbAnsAvDAkwYAtrItinAvhIzlYf-
380,-bAtYh@vAkeZAnAlidAnDAsemTIG@tADRtYmz-
381,-dIdyulUk@tDizpepRzanDAtebAl-
382,-hWkemyIrtulivDAkiInDAdcr-
383,-EniwAnDArumkUdgEtWt-yEsR-
384,-Yh@vrIlidontTIGkhinumACAbWt@tmIstRhomz-
385,-onlifcrAmInAtcrso-
386,-oYwUdnatvEnCRtusesR-
387,-yuh@vAntsinEniAvDEm-nosR-
388,-ItwazDAIndiAn-huzdarksIlowEdApIrdsAdAnliApanhIzblYnd-
389,-hiwazpesIGswIftliApAndWnhIzrum-
390,-DAsEtAvrumzIzkwYtDAoldAstInDAkalIj-AndItIznatAnyuZAwAlfcrvIzAtRztugovRDEm-
391,-nonemzpliz-sEdhomz@zwinaktudIlkrIstcr-
392,-AvkcrshidIdnatrilYzD@tItwazYhuwaznakIG-bAtnAnDAlEshIzkandAktwazvEriAnkRtiAsAndIndidAndRDAsRkAmst@nsAzr@DRsAspISAs-
393,-D@tIzvEriImpcrtAnsAndhomz-
394,-yudontsimturilYzDApAzISAn-
395,-tumaro@zDAIgz@mAneSAn-
396,-AkWntAlWDAIgz@mAneSAntubih@doldIfwAnAvDApepRzh@zbInt@mpRdwID-DAsICueSAnmAstbifest-
397,-ItIzpasAbAl-D@tYmebiInApAzISAnDEntuIndAketsAmkcrsAv@kSAn-
398,-YwIltekDAbl@klewIDmi-clsoDApEnsAlkAtIGz-gUdbY-
399,-wEnwiwRWtInDAdarknAsAvDAkwadrAGgAl-wiAgEnlUktAp@tDAwIndoz-
400,-DAfWlmWDfElo@tDAtap-
401,-hiIzDAwAnwIDAwRstrEkRd-
402,-wYb@nAstRDAsRvAnt-wAtshIzgemInDAm@tR-
403,-hiImprEstmi@zbiIGApRfAktlianAstm@n-
404,-mYfrEndIdnatApIrtubidIprEstbYhIzfelyRbAtSrAgdhIzSoldRzAndh@fhyumRAsrEzAgneSAn-
405,-nogUdmYdIrwatsAn-
406,-YTIGkso-yuh@vfcrmdAkAnkluZAn-
407,-yEsmYdIrwatsAnYh@vsalvDAmIstRi-
408,-lUk@tD@t-hihEldWthIzh@nd-
409,-anDApamwrTrilItApIrAmAdzAvbl@k-doikle-
410,-AndwAnmcrDIsmcrnIG-
411,-InAfyuWRzDAIgz@mAneSAnwUdkAmEnsAndhiwazstIlInDAdIlEmAtbItwinmekIGDAf@ktspAblIkAndAlWIGDAkAlpRtukAmpitfcrDAv@lyAbAskalISIp-
412,-hikUdhardlist@ndstIlsogretwazhIzmEntAl@jAteSAn-Andhir@ntAwcrdzhomzwIDtuigRh@ndzWtstrECt-TIGkh@vAnD@tyuh@vkAm-
413,-yunohIm-YTIGkso-
414,-IfDIsm@tRIznatubIkAmpAblIkwimAstgIvWRsElvsRtAnpWRz-AndrizalvWRsElvzIntuAsmclprYvAtkcrtmarSAl-
415,-nozsR-sRtAnlinat-
416,-DErwaznom@nzsR-
417,-hIztrAbAldbluYzgl@nst@tiCAvAsAndfYnAlirEstAd-wID@nIksprESAnAvbl@GkdIsmeApanb@nAstRInDAfarDRkcrnR-
418,-jAstklozDAdcrsEdhomz-
419,-wiwantunomIstRgIlkrIsthWyuAndanRAbAlm@nEvRkemtukAmItsAC@n@kSAnIzD@tAvyEstRde-
420,-fcrAmomAntgIlkrIstwIDAprezth@ndtrYdtukAntrolhIzrYDIGfiCRz-
421,-kAmkAmsEdhomzkYndli-ItIzhyumAntuEr-And@tlistnoAnkAnIkyuzyuAvbiIGAk@lAskrImAnAl-
422,-wElEldontrAbAltu@nsR-lIsAnAndsiD@tYduyunoInjAstAs-
423,-hikUdIgz@mInDApepRzInhIzoncfAs-
424,-DAIndiAnYclsoTctnATIGAv-
425,-wEnYAproCtycrumYIgz@mIndDAwIndo-
426,-nowAnlEsD@nD@t-wUdh@vAC@ns-
427,-YEntRd-AndYtUkyuIntumYkanfAdAnsoztuDAsAgjEsCAnzAvDAsYdtebAl-
428,-hirItRndk@riIGhIzjAmpIGSuzwICarprAvYdAd@zyuarwErwIDsEvrAlSarpspYks-
429,-noharmwUdh@vbIndAnh@dh@dnatbInD@t@zhip@stycrdcr-hipRsivdDAkiwICh@dbInlEftbYDAkErlAsnAsAvycrsRvAnt-
430,-AsAdAnImpAlskemovRhImtuEntRAndsiIfDewRIndidDAprufs-
431,-hipUthIzSuzanDAtebAl-
432,-glAvz-sEdDAyAGm@n-
433,-sAdAnlihihRdhIm@tDAvEridcrDErwaznopasAbAlIskep-
434,-h@vYtoldDAtruTmIstRdIlkrAst-
435,-Yh@vAlEtRhirmIstRsAmzwICYrotuyuRliDIsmcrnIGInDAmIdAlAvRrEstlAsnYt-
436,-ItwIlbiklIrtuyufrAmwAtYh@vsEd-D@tonliyukUdh@vlEtDIsyAGmEnWtsInsSiwRlEftInDArum-AndmAsth@vlaktDAdcrwEnyuEnWt-
437,-ItwazsImpAlAnADsR-Ifyuonlih@dnon-bAtwIDclycrklEvRnAsItwazImpasAbAlD@tyukUdno-
438,-IfmIstRsomscDEmDAgemwazAp-
439,-AnDAdAbetbItwinDAsinyRsAsYAtizhRdIfEndsoDAfIftinTAmEndmAnth@dbIn-natonliAnotAbAlbItAvrizAnIGbAtdIlIvRdwIDrilInTuzi@zAm-
440,-DAsWTSih@dnatTctAvsIriAsliAndyEt-noIGAvItsdIlYtfAlhaspAt@lAtiAndmYldklYmAt-SiwaznatAvRstuCarlztInornucrliAnz-
441,-jantelRhuh@dsApcrtAdhRTukalIjwaz-IntrAstAdInkatAn-
442,-bEtRgohih@dkWnsAlzIntEnCAsli-
443,-mYtlRnsAmTIGyusfAldWnDEr-
444,-bAtjan-ErznosAsYAti-jAstElAmEntRiwRk-
445,-bInlUkIGWptumzkWnti-
446,-fYvsAndkRswElzDEr-bIgpl@nteSAnz-retAdItuhAndrAdAndfIftiTWzAndalRz-
447,-sAmADRztu-bIiItkatAnkWnti-
448,-yuctunojan-IfYtiCnigrozYlskErslisimACAvpipAlInmYonkl@s-
449,-@tEniret-Ysego-
450,-hirSiwaztiCIGdRtiCIldrAnAndDAsmElAvkAnfyuzdoldRzAndbadAlipRspReSAn-waztuhR@t-tYmzAnbErAbAl-
451,-SiwantAdAgl@nsAvDAnubUksAndvUriadIkAlz-AndtckAvgretfAl@nTrApizInhRfcrmz-
452,-sofcrDAhAndrATtYmSiwazTIGkIGtude-@zSiwcktAlon-ApDAlenb@kAvDAbarn-AndDEnslolidWnTruDAbatAmz-
453,-katAn-Sibczd-
454,-Sih@dclmostfRgadAnD@tItwazhirwIDIntACIndsYt-
455,-DAglImRIGsiAvdElAkAtlivzwIspRdAndmRmRdbIfcrhR-sRCIGAwetuDAncrTwRk-
456,-DErmYtbiAbItAvpUrtrihirAndDErbAt-mostAvDIspleswazsACdEsprItproz-
457,-hRgardzSIftAdtuDAgrinstaksAndlivzAgEn@zSistartAdtumuvAwe-
458,-katAnIzAwAndRfAlTIGIzItnatvOs-SisEdr@DRprImli-
459,-mIstelRdIdD@tnomACAbWtkatAnbAt-@tlistwAnmcrImarktsimdkcldfcr-
460,-dontnowIlAvclTIGzInwUdlikamEntAdmIstelR-lEtRRibcrnAndgatAn-AndowEl-@zmAC@ztu@sk-wazDAyus-SitRndAgEntugo-
461,-YsApozgoItstuRlifcrDEm-DEnkemDAIkskloZAn-
462,-guwazdontgroantutapsAb@dzbAt-antRgrWnd-onIts-nYgImz-IzDE@tso-
463,-wUgoldAnfliz-ItsDAsIlvAflis-hihRkAnd-
464,-sAmtYmyud@mipliz-wontyu-
465,-nDWfcrwAnlItAlh@fWR-Sih@dbInAwUmAntckIGtuAbO-no-nativInD@t-Sih@dbIntckIG-jAstckIG-DerwRno-pRsAnzInDAkanvRseSAn-jAstTIGz-wAnTIG-katAn-
466,-DAhanRAbAlCYldsmITmIsRAzbrADRwazwckIGswIftliAptWnfrAmIstRistRlizwclstridcfAsAndhIzfeswazpel-
467,-@tl@stDAkatAnkambYndwaztuclApIrAnsAzInASUrdf@ktAndhiwazsletAdfcrDAsInAt-
468,-wYSUdhinatbi@zADRmEn-
469,-SiwaznathRsElfAnotAbliIntElAjAntwUmAn-SigretliAdmYRdIntElAjAnscrwAtEvRlUktuhRlYkIntElAjAnsInADRz-
470,-@zSiAwetAdhRgEsSisRveDAtebAlwIDboTs@tAsf@kSAnAndIzkwYAtudfcrhRsoSAlfAGkSAnzwRfyu-tunYtDErwRSijEktDEmcfanhRfIGgRz-sRjemzkrYtAndDArICIGglISm@nyAf@kCRAndledikrYtAn-mIstRAndmIsIzb@ndRbAl-mIstRhErikrEswElInhIzsIstR-jantelRAndhIzsIstRAndmIstRCaYlzsmIT-humDAivnIGpepRzmEnSAnd@zlYklitubiyudYnAstetsEnAtRfrAmnujRzi-AsAlEkSAnAvgEs@th@dbIndutRmAndAnontuDAhostAs-bYDAmitIGAvkatAnIntrAs-RliRInDAde-
471,-mIsIzgreh@dmEtsAvRnRzbIfcrbAtnatIntAmAtliAndSiclwezh@dInmYndvIvAdliDErkrultitu-pUrnigroz-AsAbjIktSimedApOntAvIntrAdusIGfcrTwIT-
472,-SiwazDErfcrmostAgriAblisRprYztuhirmIstRkrEswElIksprEshImsElfsokcrjAli@zApruvIGAvnigroEjAkeSAn-
473,-duyubIlivInscmEjAkeSAn-@sktmEritelR-
474,-YbIlivInDAtrenInAv-pipAltuDAh@skAp@sAti-DAIGglISmAnhirhartAlisEkAnd@dhIm-
475,-bAt-krEstwEl@dAdsAgnIfIkAntli-kAp@sAtIdIfAsInomAslebItwinresAz-
476,-DAv@ndRpulzwRSUrDIsAndDAIGglISmAn-InstAnsIGIndiA-bIkemkwYtElAkwAnt-mIsIzgrewazmIstAfYbAthardlidErdAdmItAt-DAjEnRAltrEndAvDAkanvRseSAnsimdtubiD@tmostIndAvIjAwAlznidAdtubisAbmItAdtuDASarpAskrutAnibIfcrbiIGAlWdmACEjAkeSAnAn-d@zfcrD@tloRresAz-ItwazsImplikrImAnAltuopAnsACyuslAsapRtunAtiztuDEm-
477,-wYlzAtIvlihIroIk-@dAdkRAswElAvOdIGhIzsIstRzYz-
478,-bAt-wiAnadA-Igz@dliwIlkAm-
479,-mEritelohWEvRrIletIdDAtelAvzcrtumIsIzgrezprYvAt-irletR-
480,-fcrCInAtli-sEdmIstRv@ndRpul-ncrDRnozAnsavRnRzclrabIGWtAbEnAmyuCAwAlAndRst@ndIGanmostAvDizm@tRz-
481,-hinuDAsIlvRfliz-hIzEnzcrzmAstbiruAnd-
482,-ItwazDAfRstgretsaroAvhIzlYf-ItwaznatsomACDAlcsAvDAkatAnItsElfbAtDAf@ntAsi-DAhopsDAdrimzbIltRWndAd-
483,-aswamp-DAkruAlswan-
484,-ArEvAleSAnAvhIzlAvlYtAdAndrYtAndslolitulIt-flemlYkAsAnrYzovRhImAndlEfthImInbRnIGwAndR-
485,-hib@ntIdtunoIfSitunu-crnuAndkErdnat-crkErdAndnunat-
486,-SiwazsostrenjAndhyumAnAkriCR-
487,-DAwRldwazwctRveldInmIsts-
488,-DEnAvAsAdAnAndmIdeDAsAnSatWt-hadAndstIl-nobrEDRbErstRd-DAskYwazlYklustilAvDARTstim-
489,-wErwazDAyusAvIm@jAnIG-
490,-DAlugUdh@dbInlEvAlwIDAdYksAwikAgo-AndnW-
491,-pRh@psSitumYtbiDEr-wetIG-wipIG-
492,-histartAd@tDATct-hihRidfcrTs@dli-
493,hispl@Stust@ptAlcGf-farDRAndfarDRcnwRdAntIlhinIrDAr@mpartAvDAklIrIG-AndpUt-fUtApanDAtribrIj-
494,-DEnhilUktdWn-DAlAgAnwazdrY-
495,-histUdAmomAntbIwIldRd-DEntRndAndrAStApanDAYlAnd-AgretSitAvd@zAlIGsAnlYtswEptAples-AndbInidleAmYtim@sAvclAvgrin-De-tclwEtAndwIlowe-
496,-DAskwYrzAvkatAnSarpEjdhEviwRjAstAbWtubRstubUlz-
497,-fcrwAnlcGmomAnthipczd-stupAd-Aget-wIDAtRAmezmAnt-DEnlindIzAliAjEnstDAtri-
498,-higezdAbWtruplEkst-AstanISt-
499,-hirleDArEdIGAvDArIdAl-wID-InfAnAtwRkInpenzsAmwAnh@dADRkAnWfrAmDAlAguntuDAkrik-IntuwICDAf-fcrmRh@drendbYAlcGAndkUkItwe-DAsAlWIGItuEmptidREktli-
500,his@tdWnwik-bIwIldRd-AndwAnTctwazApRmost-scrA-
501,-DAyIrzAvDAdezAvhRdYIGwRtEn-
502,-DAhopAndrimAvharvAswazApanDAl@nd-
503,-ApInDAsIkrumzcrleanDAlItAlwYbEd-
504,-DAnDEtAndwEbld-EndlAsTIGzh@dbInkrclIGAndkripIGRWndhR-Sih@dstrAgAldIndAmspiClAstErRAgEnstsAmYtigr@spIGD@tstrofcrhRlYf-wIDnaldAndkripIGfIGgRz-bAtnW@tl@st-wikli-SiopAndhRYzAndkwEsCAn-
505,-fcrwYlSileInhRCErAndh@pidrimiplEZRdsAnAndbRdAndtri-
506,-SirozwIDAflitIGgl@nsg@DRdDASclRWndhRDEnglYdIGfcrwRdwevRIGtrEmyAlAs-slIptAkrcsDArodAndIntuDAswamp-
507,-Sih@dbInbcrnwIDInItsbcrdRz-wIDInhIzbcrnRSih@dlYvdIngron-AndwIDInItsbcrdRSih@dmEthRlAv-
508,-anSihRidAntIlswipIGdWntuDAlAgun-AndDAYlAnd-lo-DAkatAnlebIfcrhR-
509,-DACErwazEmpti-bAthinu-
510,-hidartIdTruDAtrizAndpczd-Atclm@nstrcGlibAtslImlimed-
511,-ItIzAvErifYnoldples-AvrEdbrIk-scfAndbYApil-pWdRilYkAn-wICh@zdIspRstItsElf-wIDh@piIrEgyAlErAti-so@ztubrIGDArEdbrIk-IntutRmzAvfrEndlikAnp@nyAnSIp-wIDAlYmstoncrnAmAnts-sRWndIGDATrigebAlz-DAwIndoz-InDAdcrples-
512,-fcADArIndozarp@CtwIDwUdAntenz-AndDAdcrYTIGk-IzlYkDAget-ItIznEvRopAnd-
513,-fcrItIzAsalAd-hEvih@nsAmdcr-AndmAstwAnsh@vbInInDAh@bAtAvSAtIGwIDAsanRAspeIG-bIhYndDAlIvRidl@ki-huh@djAstsinhIzm@stRAndmIstrAscfDAgrWndz-InAk@rIjAndpEr-
514,-Alarj-opAnfYRpleswIDrAstidagzInIt-AndAbErRbcrdAdflcr-@tDAfarEnd-flisIzAvwUlst@ktAp-InDAmIdAlAvDAflcr-sAmEmptikcrnb@gz-
515,-AndwAtTruDAlEfth@ndwIndo-
516,-sEvrAlkloDzhcrsAz-ApIlyAn-AspEndIGwil-Ind@noldbakswYtopAnAndstAptfUlAvkAlRdrYs-
517,-@tDAEjAvDIspaks-DErlYzAgretwUdAndal-wIC-sofar@zmyutAleSAnIzkAnsRn-bErzAstrcGrIzEmblAnstuDAfYnAstsgrikskAlpCR-AndAspESliInDAtotAlcsAvItsnoz-
518,-DohIstriAvDAhWsIzplenW-
519,-bAtDErIzclwezAzstrcGRsEnsAvlYf-wEnDAsAnIzbrIlyAnt@ftRren-AndnWhiIzpcrIGdWnhIzbimz-InmekIGsparkAlzAmAGDAwEtstrc-AndlYtIGAp-EvRip@CAvIvAdgrinmcsAndDArEdtYlzAvDAkWSEd-AndtRnIGivInDAmAdiwctR-D@tIzhRiIGAlcGDAC@nAltuDAdren-IntuAmIrR-fcrDAyElobIldEks-huarsizIGDA@pRtunAtiAvgEtIGAdrIGk-wID@zmACbadiInIt-IzpasAbAl-
520,-wErDAgretbarndcrzarTronwYdopAn-AndmEnarbIziDErmEnIGDAharnAs-AndRDAsupRIntEndAntsAvmIstRgobi-DAwIda-ADRwYzs@dlR-huEntRtenzDEmwIDAletAstrEdAlst@ng@sAp-
521,-hEtisRl-cfAntUkDAapRtunAti-wEnhR@nsb@kwaztRnd-AvlUkIG@tDAplizIGrAflEkSAnAvhRsElf-InDozpalISsRvAsAz-fcrDAoktebAl-wazyuZARwAlitRndAplYkAskrin-AndwazmcrfcrarnAmAnt-D@nfcryus-AndSikUdsiyhRsElfsAmtYmz-InDAgret-rWndpyutRdISIz-DewRrenjdanDASElzAbAvDAlcGdildInRtebAl-crInDAhabzAvDAgret-wICclwezSonlYkj@spR-
522,-dunatsApozhWEvR-D@tmIsIzpOsRwazEldRlicrSruISIndhRApIrAns-SiwazAgUdlUkIGwUmAn-natmcrD@netInTRdi-AfErkAmpEkSAnAnds@ndihEr-wYlSepAn-lYkfUtIt-
523,-DAv@mAlilYkDIsbItwinhR-AndhRnisdYnAmcrAs-wIDAkantr@sbItwinhRkinAs-AndYnAsR@fIkjEntAlnAsAvIksprESAn-mYth@vsRvdApentR-@z@nEksAlAntsAgjEsCAn-fcrAmarTAndmEri-
524,-hRtAGwaznatlEskinD@nhRY-AndwEnEvRAd@msAlkemwIDirSat-simdtutekAp@nAnfInIStlEkCSYR-@zAb@rAlcrgAnteksApAtun-prIsYsli@tDApOnt-wErIth@dlEftcf-
525,-DAf@ktD@tItwazCRnIGde-wazAnADRrizAn-wYItwazInkAnvinyAnt-tuh@vDAwItAz-AndwYkansAkwAntli-mIsIzpOsRSUdskoldmaliDAhWsmed-wIDAnyuZAwAlsIvErIti-
526,-duclApIrAns-malih@dgatTruhR@ftRtInRwRkIn@nIgzEmplRim@nR-h@dklindhRsElfwIDgretisp@C-AndnWkemtu@sksAbmIsIpli-IfSiSUdsItdWntuhRspInIG-tulmIlIGtYm-
527,-spInIGIndid-
528,-YnEvRnuycrikwAlzcrg@loznAs-
529,-hutctyudIskrAbAflcr-YSUdlYktuno-
530,-kAmDAwclfcrDAwIdazIndid-
531,-D@tswICSidlYktubiduIGIzIt-
532,-@tsDAwewIDyu-D@tsDArodyudclYktugoh@dlcGzturuAn-
533,-mIstRotlizIndid-
534,-yuarARErAndpRsItIGdWntuycrwRk-AlItAlmYlEfRItstYmtupUtbY-
535,-mAni-mYRAnzprYtold-bispUtItdWntuwcrm-
536,-koldIzItmYdarlIG-blEsycrswitfes-
537,-SizgoIGtupUtDARnIGTIGzAwe-
538,-mAni-YdIdlYtuduIntuDAbarntutamhi-tusiDAwItad-
539,-nonono-tati@tgEthRfitwEt-sEdmIsIzpOsR-k@riIGAwehRYRd-
540,-dIdEvREnibAdisiDAlYGk-skrimdumIsIzpOsR-rAnIGtAwcrdzDAtebAlw-wEnhRYh@dfalAnanDAblustrim-
541,-tatihWEvR-h@dIsEndAdfrAmhRCErwIDgretswIptnAs-AndwazclrEdiInritrit-tAwcrdzDAdEri-wIDAscrtAvwadAlIGrAn-And@nAmWtAvf@t-anDAnepAvhRnEk-wICmedhRlUklYkDAmEdAmcrfAsAs-AvAwYtsAklIGpIg-
542,-AndSiwazvErifWndAvyutuEnreCAl-
543,-YcfAnhRdhRtckAvyundDAsemscrtAvwe-
544,-wIChih@dD@tm@nIlnAs-AndYwazonliIlEvAnyIrzoldSiyustuse-yulh@vAfrEndanRTInycr@ntreCAl-IfY@mtekAnfrAmyu-fcrSih@zAkYndhart-AndYmSUrYvfWndItso-
545,-AndDErzlInAnInDAhWs@zYkUdwElspEryu-fcrYgatlatsASitIGAndtebAlkloDIGAndtWlIGzIzAntminAp-
546,-bAtnatmcrD@nwICInDAbYbAlh@nd-sEdYnA-
547,-nediRAnd-yunEvRhRdmiseD@tclpipAlarkcltufcrsekDErwRkInDErf@mAliz-
548,-wik@nclbisRvAntsAvgad-wErEvRWRlatIzk@st-bAthigIvzAsdIfRAntscrtsAvwRk-AkcrdIG@zhifItsAsfcrItInkclzIztuIt-
549,-Yk@nomcrhElpspEndIGmYmYfIntrYIGtuduwAtYk@nfcrDAsolzAvADRz-DEnyukUdhElprAnIG-IfyuhRdlItAltatikrYIG@tDADREndAvDAhWs-DErvOswUdgotuycrhart-yuwUdTIGkDAdIrCYldwazIntrAbAlcrIndenjR-AndyukUdAntrEst-wITWtrAnIGtuhElphREnkAmfRthR-
550,-YvstrcGAsUrAnsD@tnoivAlwIlh@pAntyuAndmYAGkAlInDACIldrAn-fcrmEniTIGYh@vdAn-
551,-YdIdAntpriCwITWtdREkSAn-
552,-dREkSAn-
553,-Y@dAkamAnpeSAnswIDyu-
554,-YDIstYmDAtujEntAlmAnh@driCtDApelIGzAndh@dgatdWnfrADErhcrsAz-hiwazpleInDemEntukAmIn-
555,-sEdmIstRwYn-wIDhIzstetlikcrdi@lAti-
556,-osRdonlmEnSAnIt-sEdmIsIzpOsR-
557,-YdIlYdInycrkICAn-
558,-pOsRIznat@thomIzi-
559,-sEdkEptIndAniThcrn-sItIGDImsElfwErhigkUdsiAlcGDAScrtp@sAj-tuDAopAndEridcr-
560,-nosRhiIzAnt-hizgcnturasAtRtusimIstRwEstDAf@ktR-AbWtDAwUl-
561,-bAtDErzfaDRAndbarnsR-IfhidbiAvEniyus-
562,-noT@Gkyu-YljAstlUk@tDAwElbzsAmlivAmEsAjAbWtDEmwIDycrSEpRd-
563,-YmAstkAmAnADRdeAndsiycrhAzbAnd-Ywantuh@vAkAnsAlteStwIDhImAbWthcrsAz-
564,-fcrIfIzEniwEranDAfarmwik@nsEndfcrhImInAmInAt-
565,-osR-sEdmIsIzpOsRr@DRlarmd-yuwUdhulYkIt@tcl-
566,-bAtyunomcrAbWtD@tD@tYdisR-
567,-YTIGkYSUdbiduIGyuAsRvAstutRnyuWtAvsACAples-
568,-YnozharmIzInbEtRcrdRD@nEniADRwIDIntEnmYlzAvAs-And@zfcrDAkICAnhi@dAdsmYlIG-YdontbIlivDErIzwAnInDAkIGdAmtubitIt-
569,-rYDAbY-YvnEvRsinycrdEri-@mAstsIrdErimIsIzpOsR-
570,-DIsmIsIpOsRvsEdblASIG-AndbIlivIGD@tDAk@ptAn-wazrIliIntrAstIdIntRmotp@nz-AndwUdAjAsthIzApInyAnAvhR-tuDApIrAnsAvhRdEri-
571,-oYvnodWtItsInk@pAtAlcrdR-
572,-DApErIsfl@nd-lYkD@tAvDAkrIstAlp@lAs-wazAtEmpREriIgzIbAt-
573,-DAlAndAnfl@ntwazlEstEmpREri-bAtnatpRmAnAnt-sAplYIGbIfcrItwazdcrnWt-nofyuRD@nTriTWzAndl@mpsInhotElzCRCIzstcrzAndwElIGz-AndDAvAsInAtiAvholbRonvYAdAk-
574,-DEr-m@syRzjansAdAndh@mRApUtIntupr@ktAsmEniAvDAYdiAznWst@ndRdInDAart-AndsIkyUrdmACyusfAldetAfcrDAwRkInuycrk-AvwICDAstcri-h@zjAstbEntold-
575,-DAdYnAmoIlEktrIkmASiInDosmcl-wazrobASt-fcrAndRclDAvEriInspidzAvwctRpWR-AndDAvAsIsItudzAvDApl@ntuwICItbIlcG-ItkAntInyud@n@ktIvyuzAntIl-etinYntinYn-sEvAntinyIrz-
576,-oIGtuhIzInsIstAnsanloprESR-dREktkRAntfcryusIvdEnslipapyAletAdIstrIkts@zDAonlisefAndtruliyunAvRsAl-prafAtAbAlwe-AvdIlIvRIGIlEktrIkAlEnRjituDAkAnsumRz-@dAsAnh@zbInfrikwAntlispokAnAv@z@nAponAnt-AvDAcltRnetIGkRAt-
577,-wY-IfwiIrEktAsteSAn@tDAfclz-ItIzAgretItkanAmitugEtItApTruDAsIti-
578,-DErsimzno-gUdrizAnfcrbIlivIGD@tIwIlCenj-
579,-brcd@zDAprerizAndfriAndTct@zDAwIndzD@tswEptDEm-hiIzIdiosAnkr@tIkliApoztulusAmwestfAlmETAdz-tIpl@nzAv@npYRD@tnAglEktDApUr@tDAget-
580,-EvriTIGhih@zdAnh@zbInemdD@tDAkansRbeSAnAvEnRji-DAkAntr@kSAnAvspes-DAIntEnsApAkeSAnAvkAlCR-
581,-fcrsAmyIrzItwaznatfWndfizAbAltuapRetmotRzancltRnetIGkRAntsRkAts-AndD@trizAnwazcfAnRjdAgEnstItsIriAsli-
582,-ItkUdnatbiyuzdfcrIlEktrApletIG-cr-dEpAzISAn-ncrkUdACarjsturIjb@tRiz-clAvwICarizAli-wIDInDAbIlAtiAvDAdREkRAnt-
583,-bAtwAnItkemtubiAkwEsCAnAvlYtIGAsk@tRdsAbRb-AgrupAvdwElIGzanDAWtskaRts-ArImotkAntrirEzIdIts-cr-AfarmWTs-DAcltRnetIGkRAntInclElAmAntsevItsdenjRwaz@ndiAzYdil-
584,-@dISAnwazIntalRAntAvS@mAnSati-AndnATIGwUds@tAsfYhImD@tkUdnatst@ndkrcsIgz@mAneSAnbY-mYkrIskop-tEstub-Andg@lbAnamAnR-
585,-AnlEsikUdsIkyUr@nEnjAnAvsmuDRrAnIG-AndmcrIgz@ktligAvRnAntrEgyAletAdD@nDozAv@lAbAlfcrhIzdYnAmoAndl@mp-EdAsInrilYzdD@thiwUdfYndItclmostImpasAbAltugIvAstEdilYt-
586,-mIstR@dAzAnwazAlidRfarAhEdAvDAtYm-
587,-hiAbtendDAdIzYRdspidAndlod-wIDAfrIkSAnbrek-clsorEgyAletRAvspid-bAtwetIdfcr@nIndAketRdAvErAfYIt-
588,-DEnAgEnDErwaznononwetulubrIkedInEnjAnfcrkAntInyuAsrAnIG-AndmIstR@dAsAnAndfcrmiD@t-@zAmRinEnjAnstartAdbIfcrDASIplEftnuycrkAndkAntInyudrAnIGAntIlItriCtItshompcrt-so@nEnjAnfcrhIzpRpAsAzmAsprAdustlYt@tcltYmz-
589,-EnAsAnh@dInstcldhIzhIstcrIkfRstgretsEntrAlsteSAnsIstAmInuycrk-anDAmAltAbAlarksIstAm-kAvRdbYhIzfidR-AndmenInvEnSAn-wICrIzAltIdInAnotAbAlsevIGInDAkastAvkAndAktRz-@zAgEnstAstretuwYRsIstAm-TruWt-AvDA-trikYnd-
590,-hisunfcrscD@tstIlgretRIkanAmiwUdbinEsAsErifcrkAmRSAlsAksEs-natAlonfcrDAlarjRtErAtcriopAnIG-bAtfcrDAkamp@ktdIstrIktAvlarjsItiz-
591,-DAstrcGpAzISAnhEldbYDAEdAsAnsIstAm-AndRDAstrEnyuAskampAtISAnDErwazclrEdisprIGIGAp-wazIncrmAsliImpruvdbYDAIntrAdAkSAnAvATriwYRsIstAm-AndIgev@nImidiAtEmpAdAstuInkAndIsAntlYtIG-
592,-ItwazspESlisutAdfcrAtrYAlpl@tclso-InDARlidez-wEnAyildAvsIkscr-etl@mpstuDAhcrsbWRwazkAnsIdRsAbjIktfcrkAngr@CAleSAn-
593,-DAsritkAndAktRzwRAvDAovRhEdpUlYnkAnstrAkSAn-@dwRAndstcldbYDAkAnstrAkSAnkAmpAniD@th@dbIncrgAnYzdbY@dAsAntubIld@nikwIptsEndrAlsteSAnz-
594,-minwYl-hih@dkcldApanmitumekAripcrtAvDATriwYRsIstAm-nonIvIGglAnd@zDAhapkInsAn-boTdaktRjanhapkInsAn-AndmIstREdAsAnbiIGIndIpEndAntAndvEntRz@tpr@ktAkliDAsemtYm-
595,-YTIGkhiwazpRh@psmcrApriSAtIvD@tYwazAvDAdIsAplAnAvDAEdAsAnkAnstrAkSAndIpartAnt-@ndTctItwUdbiwElfcrAstuwetAntIlDAmcrnIGAvDAfcrTbIfcrwiStartAdAp-
596,-bAtDApl@ntr@n-AndItwazDAfRstTriwYRsteSAnInDIskAntri-
597,-DewRletRyuzd@zrIzRvdbISiInzAndfYnli-wIDAEnjAnrItYrdfrAmsRvAs@zpartAvDA-kAlEkSAnAvEtAsoniA-bAtDerImen-Inpr@ktAkli@zgUdkAndISAn-@zwAnInstcldIn-etinetiTri-
598,-DAarkl@mpAndstcldWtsYdAkAstAmRsprEmAsAz-crInAsRkAtfcrpAblIkstritlYtIG-bRndSomEniWRznYtli-SomEninYtsInDAmAnT-Anwazpedfcr@tD@tret-sAbjIkturibedfcrWRzwEnDAl@mp-mYtbiWtTru@ksAdAnt-
599,-EvAsAnhEldD@tDAIlEktrAsAtisold-mAstbimEZRdjAstlYkg@scrwctR-AndhiprAsidAdtudIvElApAmitR-
600,-DErwaz-InfAnAtskEptIsIzAmRWndhImanDAsAbjIkt-AndwYlADRInvEntRzwRclsogIvIGDAsAbjIktDErTct-DApAblIktUkItfcrgr@nAd-D@tEniTIGsoAtRliInt@njAbAl@zIlEktrAsAti-D@tkUdnatbisin-crwed-AndonligevsEkAndEriEvAdAnsAvItsElfD@tDAIgz@ktpOntAdyus-kUdnatbibrctu-@kyRAtrEjAstreSAn-
601,-hAndstA@dASAnIlEktrAlItIkmitRIznolcGgRyuzd-dIspYtItsEksAlAntkwalAtiz-
602,-DAprInsApAlEmpOdInDA@dAsAnIlEktrAlItIkmitR-IzD@twICIgzEmplAfYzDApWRAvIlEktrIsAtitudikImpoz@tkEmAkAlsAbstAns-
603,-AsosietAdwIDAsImpAlfcrmAv@pRAtAs-wRvEriAsInjinyAsdItelzAndrAfYnmAntstusIkyUrEgyAlErAtiAvapReSAn-fridAmfrAm@n@kyRAsi-AndImyunAtifrAmsACt@mpRIG@zwUdpRmItfEftIvkRAnt-crd@mAj-
604,-DAst@ndRdEtAsAnmitRpr@ktAswazturimuvDAsElvzwAnsAmAnTtuDAmitRrumAvDAsEntrAlsteSAnkAmpAnifcrIgz@mAneSAn-AnADRs@tbiIGsAbstAtutAd-
605,-IndIsEmbR-etinetie-mIstRdAbAldyujejEGksr@d@nIntrAstIGpepRbIfcrDAmErAkAnInstAtudAvIlEktrIkAlEnjAnIrz-anDAsIksyIrzAvpr@ktAkAlIkspIriAnsh@dAptuD@tYmwIDAmitR-DEnmcrjEnRAliInyusD@n-EniADR-
606,-DADRz-h@vIGbIn@napReSAntuScrt@tYmtuSodEfAnAtrIzAlts-clDoDeclsowEntkwIklituAdIvAdAndbesAs-
607,-InDIskAnEkSAn-ItSUdbimEnSAndD@tDAsosieSAnAvEdAsAn-IlumAnetIGkAmpAniz-InDAsemyIr-AdaptAdrEzAluSAnzyun@nAmAsletuDAIfEkt-D@tDAEdAsAntmitRwaz@kyRAtAndD@tItyuswaznatIkspEnsIvfcrsteSAnzAbAvwAnTWzAndlYts-AndD@tDAbEstfAn@nCAlrIzAltswRInvEriAblisIkyUrd-AndAsteSAnsElAGkRAdbYmitR-
608,-DAmitRkAntInyudAndjEnRAlsRvAsdUrIGetinYntinYn-AndprabAbliAptuDAkloDsAvDAsEnCRi-
609,-hiwed@nriwevdDAmitRplets-AndpRsudEvRilYnAvInvEstAgeSAnIm@jAnAbAlbAtclInven-
610,-hifElthiwazApAgEnstIt-AndD@tpRh@psInADRkYndAvAjabwUdsuthImbEtR-
611,-DAprablAm-wazsabd-
612,-wiwRmcrIntrAstIdInDAtEgnIkAlkAndISAnAvDAsteSAn-D@tInDAkAmRSAlpart-
613,-wih@dmitRzInwICDErwRtubatAlzAvlIkwAt-
614,-hirSiwUdsde-kAmfRtIdAndsuDdAmAGDAlAvlipl@ntsAndrICIgzatIks-rIjOsIGDAhartAvoldtRnAvDAgardAnRhusEntspalizfErstr@ptCRAsEntrAns-h@dtekAnhRIntuhIzgUdgresIzfcrcltYm-
615,-EvRiC@nsSikUdstil@ftRpr@ktAsWRzwRovRAnd@ftRDAkl@mRAstAm@nzAvDAbOzApanhRtYmwRfUlis@tAsfYd-wazsizdtuflYanDAwIGzAvDAwYnd-tuDAflWRz-
616,-DEndIr-sEdmIsIzwItni-yilmAstbikYndItuhRD@nEvR-TIGkwAtItwUdbifcrwAnAvyutubiAwefrAmhom-ivInAmAGfrEndz-
617,-sAmhWlAvclDAdezwEnDAhomfilIGwazDAstrcGgAst-DIsdeItsimd@zIfSikUdbEr@ItnolcGgR-
618,-IfSikUdonlisifransifcrjAstwAnmomAnt-
619,-oSizclwez@tDApi@no-sEdm@n-SimAstbiDErnWsAmwEr-AndDEnsAmbadil@ft-
620,-@tDIs-DAbAndAlopAndsAdAnli-And-Wtpapfransi-
621,-bAtpalikUdAntspik-AndAvj@spRh@dAntkwathRjAstIntYmSiwUdh@vkAmbAldovRb@kwRdfrAmDAstul-franziAndcl-
622,-@sktbranziwIDhRlItAlfesklostupalizon-
623,-nWyulste-krYdm@n-sepali-wontyu-
624,-oyuarDA-dIrAstAn-bEstmIstRkIGYEvRsc-bAthWdIdyumekm@miD@thRkAm-
625,-IzEnisplEndAd-krYdj@spR-AndIntEnsprYdswElIGAp-faDRnuhWtuduIt-
626,-DAErDErhisEdsuDIGli-p@tIGhRbrWnfEzhih@d-
627,-Yno-g@sptpali-kAntrolIGhRsabz-Ymont-onli-Yk@ntT@Gkyu-
628,-@sktfranziAndIntEnsIntrAstslIpIGdWnWtAvpalizarmzAndkrWdIGApklostuj@spRsYd-
629,-yEsclAlonbYhImsElf-AsRtAdj@spRbiAmAntliAndwIGkIGfyUriAslituDADRztustufDErl@fIG-hidIdnWtrulifransi-
630,-clnoj@pstR-YdmAstgobYmY-vErionsElf-
631,-DErj@pyuvgatIt-l@ptpRsi-wYlDADRzskrimd@tDAsYdAvj@spRsfes-
632,-dontmYnd@tpali-wIspRdj@spR-twEzAnthRfclt-
633,-dIrmi-Aj@kyuletAdDAoldjEntAlmAnAndDAtmostAmezmAnt-AndsACAtYm@zYvh@dtugEthRhirtu-
634,-hWdIdhRmADR-EvRlEthRgo-
635,-Si@sktImpAlsIvli-YdIdAntbIlivyukUdpRswedhRfaDR-
636,-YdIdAnth@vEnifIr@zIfYwRktufrYvli-sEdDAoldjEntAlmAnkAmplesAntli-
637,-hikrYdAndhYdAjAn-jAst@zIfhiondDAholAvDApEpRz-AndkUdIspozAvDEmcltusuthIzf@nsi-
638,-AndDAoldjEntAlmAnwazsodIlYtAdwIDhIzsAksEs-D@thih@dtubRstWtIntuAsIrizAvScrth@pibItsAvl@ftR-bAtakyApYdkwYtAspesAvtYm-
639,-@tl@sthikemWtAvDEm-AndwYpthIzfesvIlRAsli-
640,-ItIzsIkstinyIrzsInsjanbRksAndYd-
641,-hIzwYfnWlYzbIsYdhIm-AndDAwYtS@ftD@tmarksDErgrevzglimzAkrcsDAwitfildz-
642,-frAmDAncrijAngrevyardwAnlUksWtovRAv@stCEkRbcrd-marktcfInskwErzAvwitAndkcrn-lYtAndark-darkAndlYt-
643,-frAmDAgrevyardgetwAnk@nkWntDAdAzAngelipentAdfarmhWsAz-DAgIldIdwEDRvenzanDAbIgrEdbarnzwIGk@tiCADR-AkrcsDAgrinAndbrWnAndyElofildz-
644,-DAErAndDARTarAkyUriAslimetIdAndIntRmIGgAl-@zIfDAwAnwRDAbrET-AvDADR-
645,-hiwazAsplEndAdfIgyRAvAbO-tclAndstret@zAyAGpYntri-wIDAh@nsAmhEd-AndstcrmigreYzdiplisEt-AndRAsIriAsbrW-
646,-D@tsnatmACAvAjabfcr@n@Tlit-hirYbIntutWnInb@k-
647,-h@dAgz@ndRD@tyusliple-
648,-Sig@DRdAphRrenz-
649,-plizwetfcrmimri-emiAltokst-
650,-YnEvRsiluzsYdovRhir-
651,-hWTrWnyih@vgatsAnzyukemhom-YwISYh@d@n@dlitumomYcrCRd-
652,-YgEtwEtumYnmizwEnYgodWntupIkCEriz-
653,-Indidhih@dlUktAwewIDApRpAsAvnatsiIGIt-
654,-DeTIGkycrprWdbIkczyih@vbInAwetuskulcrsAmTIG-
655,-DErwazsAmTIGAndIvItyuAlAbWtDAgretfarm-AmostAnyuZAwAlCrImnAsAndkErfcrdItel-
656,-aniDRsYdAvDArod-fcrAmYlbIfcrhuriCtDAfUtAvDAhIl-stUdtclosAjcrAnCEjIz-DErglcsigrinmarkIGcfDAyElofildz-
657,-EniwAnDErAbWtswUth@vtoldyuD@tDIswazwAnAvDArICAstfarmzanDAdIvYd-AndD@tDAfarmRwazAwUmAn-@tIks@ndrAbRksIn-
658,-DErIzivInAwYtroAvbihYvzInDAcrCRd-AndRDAwclnAtriz-
659,-fr@GkridIGglISstoli-AndDAmcrhiridAbWtDIsdIvcrskes-DA@Ggrirhigru-
660,-mRisYd-
661,-AbreskwYndh@dkAmApAndwazdrYvIGpAfiwYtklWdzAkrcsDAskY-
662,-DAarCRdwazsparklIGAndrIpAlIGInDAsAn-
663,-D@tInvIteSAndIzYdIdhR-
664,-cbAtYmgl@dtugEtDIsplesmod-
665,-jAstsmElDAwYldrozIz-bearclwesospYsi@ftRARen-
666,-winEvRh@dsomEniAvDEmInhirbIfcr-
667,-YsApozItsDAwEtsizAn-wIlyuh@vtukAtDEmtu-
668,-YsApozD@tsTo@tsizAntuDEm-
669,-ItsIklYtIGtusiEvriDIGgroIGsof@st-AndtugEtDAgr@skAt-
670,-ardjuspl@St-lEt@tAspYdRrIpsclovRDAgr@s-
671,-InAfyuAmomAntshihRdDACErizdrapIGsmartliIntuDApel-AndhibIg@ntuswIGhIzsY-wID@tlcGivInstrokD@tvyuAmErAkAnbOzEvRlRn-
672,-mtripIktjErizAndseIGscftlituhRsElf-strIpIGwAnglItRIGr@nC@ftRAnADR-SIvRIGwEnSitctASWRAvrendrapsanDErnEkAndhEr-
673,-AndemilmodhIzweslolidWntAwcrdDAjEritriz-
674,-D@tsAmRDArenzh@dbInsomEniAndapRtunD@tItwazclmostmcrD@nSAbatAndhIzm@nkUdutukipApwIDAklarn-DAcrCRdwazAnAglEkt@dwIldRnAs-
675,-YdontnoclAvDEm-bAtYnotdInmAnzar-
676,-IfYfilD@tweYfilD@twe-
677,-hiriCtApAmAGDAbr@nCAz-AndbIg@ntupIkDAswit-InsIpItfrut-lcGYvrAkAlRdbEriztIptwIDmentpink-dlYkwYtkcrAl-D@tfcltuDAgrWndAnhidIdclsAmRTru-
678,-hidraptAh@ndfUlIntuhRl@p-
679,-yEs-dontyu-
680,-o@vRsomAC-onlihyusimz-kYndAvste@tAnskultitRi-
681,-wEnSiyuztutElmiAbWthIm-YclwezwAndRdwEDRSiwazAnpAlItAlImdlAvwIDhIm-
682,-ItwUdsRvyuclrYtIfSiwcktcpwIDkarl-
683,-YlYktutcktukarlAbWtnuycrAndwAtAfElok@nduDEr-
684,-Y-emiAl-
685,-SUrdliyuarnatTIGkIGAvgoIGafDeEr-
686,-btrizfesf@lAndRhIzbrudIGgez-
687,-YmSUratAks@ndhRhopsyuwIlsteanhir-SimRmRd-
688,-Ydontatst@ndRWndAmAgan-
689,-YmwantubiduIGsAmTIGanmYonAkWnt-
690,-sAmtYmzYdontwantuduEniTIG@tcl-AndsAmtYmzYwantupUlDAfcrkcrnRzAvDAdIvYdtAgEDR-hiTruWthIzarmAndbrctItb@kwIDAjRk-so-lYkAtebAlklcT-
691,-YdItpYRdAvsiIGm@nAndhcrsAzgoIGApAndWnAp-pbAndWn-
692,-YwISyuwRAntsorEstlAs-AndIdAntgEtsowRktApovRTIGz-SisEds@dli-
693,-T@Gkyu-hirItRndScrtli-
694,-AndhunEvRyuzstubikrcstumi-
695,-Yk@ntplewIDyulYkAlItAlbOEnimcr-his@tsloli-D@tswAtyumIsmRi-
696,-pAtemil-IfYAndRst@nd-InarpUtYmzarovR-wik@nEvRdunYsTIGztAgEDREnimcr-
697,-AndEnihWDErznATIGtuAndRst@nd-
698,-D@twontl@st-ItwIlgoAweAndbIGzwIlbijAst@zDeyuztu-
699,-Yprefcryu-bAtD@tsnatDAsem@zIfyupredyRsElf-
700,-Yk@nt-pretuh@vDATIGzYwant-his@tsloli-AndYwontprenatntuh@vDEm-natIfYmd@mdfcrIt-
701,-bInalWRgUttYmzfardovR-
702,-s@tRdi-agAstfIftin-DAsiAndbrokAnclrWnd-nol@nInsYt-
703,-DAhRYzAnsimzIkstrimlidIstAnt-
704,-clmYdenjR-AndsAfRIks-wRnidAdtustrYkAsparkAvhyumAnfilIGWtAvhIm-bAtnWD@tY@mwEl-hIzneCRh@zrIzumdItswe-
705,-yusim-@GkSAsmYAGkAlYsEd-siIGhImkAntInyuAiwIDhIzgl@stuhIzY-@njSAs-
706,-wAnmYtbi-bUdlEsrizAnD@nW-
707,-Y@mnatkmpletIGD@tDAretIzslo-bAtD@tDAsiIzsowYd-
708,-wiarizIGtYm-AndDAf@ktIz-Yh@vnatkAmclDIswetutekAlItAlselApanApananAr@ft-
709,-hikcldDAsiApan-AndYlcGdcwejtekIGAlItAlsel-
710,-DErfcrdontcktumiAbWtvyuzAndpraspEkts-
711,-YtekDIs@zmY@nsR-AndYlivDAprAfEsR-tubYthIzlIpswIDImpeSAns-
712,-sAndi-agAstsIkstinT-
713,-nATIGnuwEDRAnCenjd-DAwYndfrESIns-
714,-bAtDErsindnorizAnAvfIr-
715,-DAS@doAvDAr@twazklIrliWtwandApanDAsRfAsAvDAwevz-
716,-trulivAsiIzAvInfAnAtwID-
717,-AndmAstbi@zwYd@zDAmEdAtReniAn-crDel@nIk-IndwYnat-
718,-DizTct@jAtetAdmiclde-AndmYIm@jAneSAnskErslikamdWn@ftRsEvrAlWRzsliv-
719,-YSAdR@zYrIkclDizmanstrAstumYrImEmbrAns-
720,-Ysc@tDAh@mbRmyuziAmDAskElAtAnAvwAnAvDizkriCRz-TRdifitInlEGkT-
721,-YsApozprAfEsRlidAnbrak-wazAvmYApInyAntu-AndivInSErdmYfIrz-fcr@ftRh@vIGIgz@mAndDApIkg-hIzYztr@vRsDAoSAn-frAmsYdtusYd-
722,-tuzdi-agAstentenT-
723,-dUrIGhIzwaC-YslEbd-
724,-tuWRz@ftRwRdzAtErAbAlSakrwIlmi-
725,-DAr@fwazhidApanAwctRimWntAnAndpICtdWnAgEn-@tAdIstAnsAvtwEtif@DAmz-
726,-DErzAwelAwElkrYdDAprAfEsR-
727,-fYt-wazWtAvDAkwEsCAnW-DArIptYlzroz-DewIldRWndWRlItAlr@ft-wIDArApIdAtigretRD@nD@tAvIksprEstredz-
728,-tuyumanstRzomAirAkrietIGclDIskAmoSAn-AndbIfcrmYz-arturIpthWsAvDAprImAtIvwRld-
729,-Yk@nIstIGgwISDAYAvIktiAscrs-gloIG-lYkArEdhatko-AndhIzlarj@zAm@nzhEd-
730,-ItsjcIzIncrmAs-AndAkcrdIGAn@CRAlAsts-tIzarnwIDnolEsD@nwAnhAndrAd@ndetitutiT-
731,-DozhyujkriCRzAt@kiCADR-wIDAgretAst@nAmasAti-
732,-sAdAnli-DAIkniAscrAsAndDAplEsiscrAs-dIsApIrbIlo-livIGAwRpAlEtiIGInDAwctR-
733,-@zfcrDAITiscrAs-@zhirItRndthusAmRIGk@bRn-
734,-DArcrIGzbIkAmlcstInDAdIstAns-
735,-DAwEDR-IfwimeyuzDAtErR-wIlCenjbIfcrlc-
736,-DA@tmAsfIrIsCarjdwIDvepRz-prAvetIdwIDIlEktrIsAtijEnRetAdbYDAIv@pReSAnAvselIGwctRz-
737,-DAIlEktrIklYt-k@nskErslip@nAtretuDAd@nskRtAn-wICIzdraptovRDATiAtRanwICDAb@tAlAvDAElAmAntsIzAbWtubiwejd-
738,-DAErIzhEvi-DAsi-Izkam-
739,-frAmtYmztYmAflisitAftAvmIs-wIyEtsAmglimIGlYtlEftApanIt-trapsdWnApanDAdEnsflcrAvgre-AndluzAzItsElfInDAophek-AndIpEnAtrAbAlm@s-
740,-DA@tmAsfIr@zEvAdAntliCarjdAndsRCharzwIDlEkCusIti-
741,-DAwYndEvRlclz-bAtuAkwYrInkristrEGkT-DAv@stb@GkAvhEviklWdzIzAhyujrEzAvar-AfIrfAl-wIndigAstsAndrASIGstcrmz-
742,-DErzAhEvistcrmkAmIGan-YkrYd-pOntIGtAwcrdzDAhRYzAn-
743,-DozklWdsim@zIfDewRgoInAkrAsDAsi-
744,-anDAm@stclrEdiYsiDAlYkpleAvAl@mAnAsenItwIlsfYR-DAWtstrAtsIlk@CIznatAbrETAvwYnd-Andh@GzlYkASitAvl@d-
745,-bAtIfwih@vnWsistuAdv@ns-wYduwiyEtlivD@tselus-wIC@tDAfRstSakAvAtEmpAst-mek@psYzAsInAmomAnt-
746,-D@twIlbiDAsefAs-nononEvR-
747,-DApYldAvvepRzkAntEnstInAwctR-AndDAEr-pUtInAvYAlAnt@kSAntusAplYDAv@khIm-lEftbYDAkanAnseSAn-AvDAmIsts-rWzIzItsElfIntuAwRldwInd-
748,-hanstRznYt-
749,-frAmDAndRsRfAsAvDAklWdz-DErarkAntInyuAtmISAnzAvlUrAdlYt-DIlEkCRdm@tRIzInkAntInyuAlEvAluSAn-frAmDErkAmponAntmalAkulz-DAg@SAsElAmAntsAvDAEr-nitubislevd-wIDmOsCR-fcrInIrmRAbAlkalAmzAvwctRrAS-ApwRdzIntuDAErAndfclb@kAgEnInwYtfom-
750,-YrAfRdDATRmamAtRItInAkets-DAfIgyRIzAblItRetId-
751,-IzDA@tmAsfIrkAndISAn-h@vIGwAnsriCtIAstEnsAti-tubIkAmfYnAl-
752,-DAr@ftbErzanstIltuDAsWTist-
753,-b@tnuInDAv@lAnsAvDAstcrmridEvAlz-
754,-iCAvAsIzl@StusAmpartAvDAr@ft-
755,-DAwevzrYzAbAvWRhEdz-
756,-Desimdtubiwiarlcst-bAtY@mnatSUr-
757,-hinadzhIzkAnsEnt-
758,-DAfarbclh@fAvItwY-h@fAszRblu-AndDAsYzAvAtEnInSEl-muvdsoAbWtDAr@ft-bAtrEvalvIGanItson@ksEswIDAstanISIGfAlasAti-@zIfwIprWndbYDAfcrsAvDAwRlwYnd-
759,-hirItkAmzDErItglYdz-nWItIzApDAr@gAdstAmpAvDAm@st-DEtsItlYtlilipsanDAprAvIZAnb@k-dIsEndzwIDAlYtbWn-AndjAstskImzDApWdRm@gAzi-kcrAbAl-
760,-wiS@lbiblonAp-bAtno-DAd@zAlIGdIskAmIstIriAslYtnImblilipsAsYd-ItAproCIzh@nz-hufIksIzhIzbluYApanItsEdAli-ItTrEtAnzDAhEdAvmYAGkAl-hufclzApanhIznizwAnhIzhEdWntuAvOdIt-
761,-AsAfAketIGsmElAvnYtRj@tfIlzDAEr-ItEntRzDATrot-ItfIlzDAlcGz-
762,-wisAfRstYflIGpenz-
763,-AndhWadDAdREkSAnzwIlUk-
764,-pUr@lAs-
765,-ItwazDAwYtr@bAtrItRnIG-splEndAdlidrEstwDApErwYtkIdglAvzInwAnh@d-AndAlarjf@ndDADR-hikemtratIGAlcGInAgrethRi-mAtRIGtuhImsElf@zhikem-oDAdACAstDAdACAs-
766,-owotSibis@vAj-IfYvkEpthRwetIG-
767,-YlaztUkApDAf@nAndglAvzAn-d@zDAhclwazvErihat-SikEptf@nIGhRsElf-clDAtYmSiwEntantckiG-dIrdIrhWkwIrEvriTIGIztude-
768,-AndyEstRde-TIGkzwEnanjAst@zyuZAwAl-
769,-anwAndRf-YvbInCenjdInDAnYt-
770,-YclmostTIGkYk@nrImEmbRfilIGAlItAldIfRAnt-
771,-YltrYIfYnoclDATIGzYyustuno-
772,-YS@lnEvRgEdtuCwEnti@tD@trYt-
773,-hWCIrfAlihisimztugrAndhWnitlisprEdhIzklcz-AndwElkAmlItAlfISAzInwIDjEntlismYlIGjas-
774,-noYmedApmYmYndAbWtIt-IfYmebAlYlstedWnhir-
775,-ItAlbinoyusDErpAtIGDErhEdzdWnAndsIG-kAmApAgEndIr-
776,-Y@mso-vEritYRdbiIGclAlonhir-
777,-AndYdIklEr-Itstub@bD@tItIz-
778,-YwISuh@dAntkrYdsomAC-sEd@lAs-@zSiswImAbWtrYIGtufYndhRweWt-
779,-YS@lbipAnIStfcrItnW-YsApozbYbiIGtrWndInmYontErz-
780,-D@twIlbiAkwIrTIG-tubiSUr-
781,-Y@mvEritYRdAvswImIGAbWthir-omWs-
782,-krYd@lAsAgEnfcrDIstYmDAmWswazbrIsAlIGclovR-AndSifEltsRtAn-ItmAstbirIliAfEndAd-
783,-wiwontckAbWthREnimcr-Ifhidr@DRnat-wiIndid-
784,-wiwantyutuhElpAspAblIStsAmlidIGwRkAvluTRzfcrDAjEnRAlAmErAkAnmarkAt-wIlyuduIt-
785,-DAkAndISAnIzD@tYwIlbipRmItAd-tumekluTrtckAmErAkAn-strimlYhIm-sotuspik-bIkczuwIlnEvRgEtpipAlwEDRIncrWtsYdDAluTRInCRC-@kCAwAliturEdluTRAndlEswimek@mtck@zhiwUdtcktude-tuAmErAkAnz-
786,-lEtAsbIgImwID@t-hIzkamAntEriaGgAleSAnz-
787,-DAndRtekIGwICsimdsoAtr@ktIvwEnvyud@zAlItRErit@sk-pruvdDAmostdIfAkAltwAn-And@tYmzbIkemAprEsIv-
788,-ItwazrItAnInl@tAn-
789,-DAwRkh@dtubikAndEnst-
790,-AwRdSUdnWbisEtAbWtDAcrAjAnAvluTRzkamAntERi@GjAleSAnz-
791,-mACletR-wEnAfrEndAvhIz-wazpripErIG@nAdISAnAvclhIzl@tAnwRks-hirImarktuhIzhomsRkAl-IfYh@dmYweAbWtItDewUdripAblISonliDozAvmYbUks-wICh@vdaktrAn-mYgoleSAnzfcrInstAns-En-
792,-InADRwRdzDizTrimEntUkdWnDAlEkCRzwICluTrAdrEstuhIstudnts-AndDAkcrsAvgAleSAnz-AndrcrpriprErdDAm@niskrIptfcrDAprIntR-
793,-ItprizAntslYknoADRAvluTRzrYdIGzDAsEntrAlTctAvkrIsCi@nIti-DAjEstAfAkeSAnAvDAsIntRfcrDAsekAvkrYsmErAtsAlon-
794,-bAtDAEsAnsAvluTRzlEkCRzIzDEr-
795,-DAlcrduhazgIvAnAspWRtutiC-Andtuhir-lEthImclsogIvAsDApWRtusRv-Andtudu-lu-tu-
796,-DAwRdAvWRgadS@lst@ndfREvR-
797,-InEvRiweDesctuAndRmYndDATcrAtiAvsimnpcl-
798,-DesEdtuDAgAleSAnz-yuh@vnorYtuTIGkhYliAvpcl-
799,-hiwazDAl@stutRnDAkrYst-
800,-pckIGletRInhIzbIniTAs-
801,-IndidhipRsAkyutAdDACRCRprYstfcrAlcGtYm-
802,-duyusApozD@tgadfcrDAsekAvAfyumuTrInhErAtIks-wUdIsonhIzIntYRCRC-
803,-AgEnstDizbostIG-fclsApasAlz-pUlbAldlidIfEnthIz@pastalIkATcrAtiAnmInAstri-
804,-@zDAImb@sAtRAvAgAvRmAntIzhAnRdfcrhIzcfAs-AndnatfRzprYvAtpRsAn-soDAmInAstRAvkrYsSUdIgzclthIzcfAs-IncrdRksAgenATcrtiAmAGmEn-
805,-pUltIksprYdIGhIzmInAstRi-natuhIzonfrezbAtuDAprezAvgad-
806,-pcl-AndApasAl-natAvmEnEtsEtRA-
807,-itAhikcldmInAstRzTruDAekAnsiAvmEn-crAkcz-DEmdREktli@zhikcldDAprafAtsInApasAlz-
808,-pcrdDAklErz@tDAfclsAvpasAlzwRkclDhErsEntniDRbYmEn-mcrbYm@n-
809,-DAmostDekUdklYem-IzD@tDewRsImpbYADRz-
810,-himEnSAnzDApasAlzfRstbIkczDewRpOntAdREktlibYgad-
811,-bIkclwaznatubitekAnlYtli-
812,-fcrpRsAnDApAzEsnalAjIznatInAf-
813,-ItspOlzwAnzbEstwRk-
814,-wEnYwazAyAGm@nYTctpclwazmekIGtumACAvhIzkcl-
815,-YdIdnatDEnrilYzDAImpcrtAnsAvDAmInAstri-
816,-YnunATIGAvDAdaktrAnAvfeTbIkczycwRtctsofAstriInsD@tAsRtAnti-AndnobadiAndRstUdspIrICAlbostIG-
817,-DIsIznosInfAlprYd-ItIzholiprYd-
818,-AngadDAfaDRhurezdhImfrAmDAdEd-
819,-DAklcsimsupRvAlAs-anfRstsYt-
820,-DizprAvRtIzAvDArYCnIsAvkrYstrIzIstDAfaDRAndDAsAn-AndDAwRksAvDEmboT-
821,-InDIsholpIsAl-pcltritsAvDArEzREkSAnAvkrYst-
822,-bYhIzrEzREkSAn-krYstwAnDAvIktRiovRmc-sInflES-wRld-dEvAl-dET-hElAndEvRivAl-
823,-fRstu-
824,-AndclDAbrEDrumwICarwIDmi-
825,-DIsSUgofarAndSAtIGDAmWsAvDAfclsApasAlz-
826,-clDoDAbrEDrAnwIDwIiarnatApasAlzlYkmYsElf-yEtDearclAvwAnmYndwIDmi-TIGk-rYt-AndtiCAzYdu-
827,-DedunatgowrDAEnAmizAvDAgaspAlprAdamAni-DegowRDAkrIsCAnzar-
828,-wYdDenatInvedDAk@TlIkpravAnsAzAndpriCtDErdaktRAntugabnIsprInsAz-bISApsAndaktRz-@zwih@vdAnbYDAhElpAvgad-
829,-wilUkfcrD@trIwcrwICYh@Tnatsin-ncrirhRd-niDRh@TEntRdIntuDAhartAvm@n-
830,-natclDAgAleSAnzh@dbIkAmprRvRtId-
831,-Dizminzk@natbikAntEmAnInIt-
832,-DerImendtufYndrAgardlAsAvmEnzApInyAn-
833,-wErEvRDAminzAvgresRfWndDErIzDAholiCRC-ivInDo@ntikrYstrenzDEr-
834,-somACfcrDAtYtAlAvDApIsAl-nWfalozDAgritIGAvDApasAlm-vRstTri-
835,-gresbituyuInpisfrAmgadDAfaDR-AndfrAmWRbcrjizAskrYst-
836,-DAtRmzAvgresInpiscrkamAntRmzwIDpcl-InarnWprItiwElAndRstUd-
837,-bAtgritIGAvDApasAlzrIfrESIn-
838,-gresInvalvzDArRmISAnAvsInz-pis-AndAh@pikanSAns-
839,-DAwRldbr@ndzDIsApAnISAsdaktrAn-
840,-IkspIriAnspruvzlIs-
841,-hWEvR-DAgresAndpisAvgadwIl-
842,-mEnSUdnatspEkyAletAbWtDAneCRAvgad-
843,-wazItnatInAftusefrAmgadDAfaDR-
844,-tuduso@ztuluzgadcltAgEDRbIkczgadbIkAmzIntalRAbAl-wEnwisiktumEZRIntukamprihEndhIzInfAnAtm@jAsti-
845,-hikemdWntuRTlYvdAmAGmEn-sAfRd-wazkrusAfYd-AndDEnhidYd-st@ndIGklIrlibIfcrAsoD@tWRhartsAndYzmef@sAnApanhIm-
846,-EmbreshIm-AndfRgEtAbWtDAneCRAvgad-
847,-dIdnatkrYsthImsElfse-Y@mDAweInDAtruTInDAlYf-nom@nkAmATAntuDAfaDRbAtbYmi-
848,-wEnyuaryuAbWtDAneCRAvgadApartfrAmDAkwEsCAnAvjEstAfAkeSAn-yumebi@zprofWnd@zyulYk-
849,-wiartuhirkrYsthuh@zbInApOntAdbYDAfaDR@zardIvYndtiCR-
850,-@tDAsemtYm-pclkAndfRmzWRkrit-D@tkrYstIzvErigad-
851,-D@tkrYstIzvErigad-IzApErAntInD@tpoalAskrYbztuhImtuvYndpWRzikwAliwIDAfaDR-@zfcrInstAnsDApWRduzIspEnsgresAndpis-
852,-tubIstopisAndgreslYzInDApravAnsAvgad-huAlcGkAnkriethizblEsIGz-DAenjAlzk@nad-
853,-ADRwYzparSAtAvrItAn-gresfrAmgadDAfaDRAndpisfrAmWRlcrdCizAskrYst-
854,-DAEriAnztUkrYsfcrAnobAlImpRfIktriCRzsupIriRivIntuDAenjAlz-bIkczbYhIm-gadkrietAdhEvAnAndRT-
855,-moh@mIdclsospiCthYliAvkrYst-
856,-pclstIksturIsTim
857,-hinEvRluzAzsYtAvDApRpAsAvIzApIsAl-
858,-natgoldcrsIlvR-crp@SAl@mz-cr@nenjAl-bAthImsElf-wAtfcr-
859,-natfcrAkrWn-crkIGdDAm-wErWargUdnAs-bIfcrsInz-
860,-AndRskcrDizwRdz-fcrDearfUlAvkAmfRt-fcrscrkanSAnsIz-
861,-hWmewiAbtendrImISAnAvWRsInz-
862,-pali@nsRz-DAm@nhuIznemjizIzkrYst-AndDAsAnAvgadgevhImsElfcrWRsIns-
863,-sInskrYstwazgIvAnfcrWRsinzItst@ndzturizAn-D@tDek@natbipUtAwebYWhRonEfRts-
864,-DIsEnTAnsclsotufYndzWRsinz@zgret-sogretInf@kt-tD@tDAholwRldkUdnatmekAmEnzfcrAsIGgAlsun-
865,-DAgretnAsAvDAr@nsAmkrYstDAsAnAvgad-IndIketsDIs-
866,-DAvISAskErIktRAvs@nIzbrctWtbYDAwRdz-hugevhImsElfcrWRsIns-
867,-bAtwiarkErlAs-wimeklYtAvsIn-
868,-wiTIGkDApbYsAmlItAlwRkcRmErAwik@nDIsmIsIn-
869,-DIsp@sAjDEn-DErzWtDAf@ktD@tclm@naRsoldAndRsIn-
870,-DIs@tAtudzsprIGzfrAmAfclskAnsEpSAnAvsIn-DAkAnsEpSAnD@ts@ndIzAsmclm@tR-izAlitekAnkErAvbYgUdwRks-D@twimAstprizEntWRsElvzIntugabwIDAgUdkanSAns-D@twimAstfilnosIn-bIfcrmefilD@tkrYstwazgIvAnfcrWRsAnz-
871,-DIs@tAtud@zyunAvRsAlAndpartIkyuARlidIvElAptInDozhukAnsIdRDEmsElvzbEtRD@nADRz-
872,-bAtDArilsAgnIfIkAnsAndkAmfRtAvDAwRdz-fcrWRsInz-IzlcstApanDEm-
873,-anDADRh@nd-wiarnaturAgardDEmIzsotErAbAlD@twimAstdIspEr-
874,-hip@sAzAbrAptlifrAmpRsAnz-DAYdiAzAndnAmbRz-AndfrAmYdiAzAndnAmbRztupRsAnz-frAmDAhEvAnztumEn-frAmAstranAmitufIziclcji-ikAnfyuzIz-Ar@DR-dAsnatdIstIGgwIS-sAbjIkt-AndAbjEkt-fRstAndfYnAlkazAz-AndhIzdrimIG-AvjumEtrIkAlfIgyRz-lcstInAflUksAvsEns-
875,-DAInfluAnswICdUdtumiAzh@zEksRsYzdApanmastErAti-IzdupartlituAmIsAndRst@ndIG-
876,-InDIsApozdEpTsAvDIsdYAlUk-DAnyupl@tnAstsfWndhIdAnminIGzAndkAnEkSAnzwIDAjuISIngrIsCAnskIpCRz-AndWtAvDEm-DeIlIsAtIdaktrAnzkwYAt@tvEriAnswIDIspIrAtAvpleto-
877,-DewRAbzcrbdInhIzTialAji-AndwiRADdRIdAmInyAnAvhIznem-wYlD@twICwaztruligretIntrulikREktCRAsIgInhIm-IzEfcrtrilYzAnkAnEktAbstr@kSAnz-waznatAndRstUdbYDEm-@tcl-
878,-DArIznAldenjR-AvDAmadrAnkamAnteCRzandAtAmAs-falIGIntuDAbAsRdAtizAvDAniopl@tnAsts-
879,-InDAprEzAntde-wiarwElAwIr-b@t@nEnSAntfAlazAvR-IztubiCIpRtAdfrAmhImsElf-AndbYDAkAntEmpRErihIztrifTct-
880,-DAf@nsizAvDAnupl@tnAsts-aronliIntrAstIGtu-As-bIkczDeIksIdAdAfezAvDAhyumAnmYn-wICfcrveldwYdliDAfRstsEnCRizAvDAkrIsCAnyUrA-AndIznatholiIkstIGktInWRonde-
881,-bAtDeh@vnATIGtuduwIDAInjRpIteSAnAvpletu-AndInspIrAt-DAarApozdtuhIm-
882,-widunatnohWpletAwUdh@vRenjdhIzondYAlAns-wRwEDRdATctAvArenjIG-EniAvEm-bIsYdztututrIlAjiswIChih@zIksprEslikAnEktAd-wazEvRprEzAntuhIzmYnd-
883,-DAdYAmApIzfrYmEAlikAnsRndwIDEnimAlkrieSAn-InkludIGAndRDIstRm-DAhEvAnlibadiz-AndwIDm@n-Atli@zwAnAmontDAEnimAlz-
884,-bAthih@znat@zyEtDAfYn-DIsIntImidiAtEritcri-wIClYzsAmwErbItwinmEdAsAn-AndmETAm@tIks-AndhiwUdh@vfElt-D@tDErwaz@zgretAndInpYAtirIGkIGTyuizAvfIzIksfRst-InDAcrdRAvnalAj-@zInplesIGDAbadi-bIfcrDAsol-
885,-wIDhR@klAtAs-hi@knalIjIzDApRpECuAlflAks-lYk@nIgs@gRAs-hiAsRvtDAprIdanAnAnsAv-mYn-clDo@dmItIG@nElAmAntAvnAsEsAti-wICrizAnIzInkepAbAlAvsAbduIG-wYtDApIfIgRiAnz-hisApozIzDAmIstRiAvDAwRld-tubikAntend-InAmbR-
886,-mEni-IfnatclDA@lAmAntsAvDAprisokrEdIkfAlazAfi-arItInkludAd-IntutImiAs-
887,-ItIzprabAbAl-D@tDArileSAnAvDAYdiAstugadcrAvgad-tuDAwRld-wazdIfRAntlikAnsivdbYhIm-@tdIfRAntYmzAvhIzlYf-
888,-DAYdiAzclsorImen-bAtDeh@vbIkAmtYpsIneCR-fcrmzAvmEn-EnimostspRtsfISAs-
889,-DAstYlAndpwEnAvDAtuniAs-dIfRtgretlifrAmb@dAvEniADRAvDAplAtatIkdYAlAGks-
890,-bAtpletoh@znatbItsentmEstRiovRhIzInstrAmAnt-wIChiIgzIbAtsIDAfijRAscrsImpozhiAm-
891,-nATIGk@nIksidDA-byutiwRartAvtIGksAdAkSAn-AndwIChIzyuzIGwRdz@ftRhIzAkAstAmdm@nR-
892,-bAtInDArEstAvDAwRk-DApWRAvl@GgwAjsimztufeldhIm-AndDAdrAm@tIkfcrm-IzholdigIvAnAp-
893,-hikUdrYtInwAnstYl-bAtnatInAnADR-DAgrikl@GgwAjh@dnat@zyEtbInf@SAndbYEnipooAtwRfAlazAvfR-tudIskrYbfIzIkAlfAnamAnA-
894,-AndhEns-wifYndAsemscrtAvklmozinsAs-InDAtAmiAzAvpeto-wICkErAktrYzAztIfAlAzcfkopurm-AvlokriSAs-
895,-DErIzAwAntAvflo-AndcfAn-AdifEktAvrIDAm-DAminIG-IzsAmtYmzAvskyUr-AndDErIzAgretRyuzAv@pAzISAn-AndmcrAvrEpAtISAn-vEnAkRzAndplitusfRliyRrYtAnz-
896,-pletAlh@dnatDAkAm@ndAvhIzmAtIriAlz-wICwUdh@vInebAldhImtuprAdusAvpRfIktwRkAvart-
897,-sarEdizbIg@nztutAnIrz-wIDAsAmRiAvDAripAblIk-
898,-AndnWhidIzYRztusiDAYdilstet-sEtInmoSAn-ItwUdlYktunohWSibIhevdInsAmgretstrAgAl-
899,-AnDErfcr-tuyuYtRndtumiAz-sItAzAnAvlckAs-war@twAnsAfAlazAfRInAstetsmAnt-AndtuyukrItiAs-humclATiniInznotubisImAlRliAkamplISt-IntuhRmAkrAtiz-wazclsofItAdbYneCRAndEjAkeSAn-tuSIrInWRdIskcrs-
900,-YwIl-yutumihIzApruvz-Y@mpruv-
901,-lIsAnDEnsaprRtiz-tuAtelAvsalAns-hu-biIGDAfrEndAvdrokAtIsmYgretgrEntfaDR-todItumYgr@ndfaDRkrItiAs-Andhitoldmi-
902,-sAmpoAmzAvsalAnwRrAsYtIdbYDAbOz-
903,-AndwAtwazDAsAbjIktAvDApoo-sEdDApRsAnhumedDArImark-
904,-DAsAbjIkt-wazAvErinobAlwAn-ItdIskrYbdDAmostfemAsEkSAnInwICDATinyAndpipAlwREvREngejd-
905,-bAtDAmEmRiAvDErIksplOtsh@dp@stAwi-oIGtuDAl@psAvtYm-AndDAIkstIGkSAnAvDA@ktRz-
906,-t@lAs-sEdDADR-DAholstcri-InwErsalAnhRDIstcri-
907,-bAtInijApt-DAtrAdISAnzAvhRonAndADRl@ndzarbYozrEjIstludfcrEvR-InWRtEmpAlz-
908,-DAjEni@lAjizwICh@vrisYtAdtuAs-WtAvycron@nAlsalAn-arAmIrdCIldrAnstcri-
909,-fcrInDAtYmzbIfcrDAgretflAd-efInzwazDAgretIstAndbEstAvsItiz-AndIdDAnoblAsdidz-Andh@dDAbEstkanstAtuSAnAv-Eni-AndRdIfisAvhEvAn-
910,-sAlAmmarvAld-AndIzYRtubInfcrmdAvDApRtIkyAlRz-
911,-nYnTWzAndyIrzh@dhil@st-sInsSifWndAyUrz-@netTWzAnd-dsInsSifWndItWRz-@zWR@nAlzrikcrd-
912,-mEnilczIgzIstAmangAs-wICYrDAkWntRpartAvywRAs@zDAwRdInDAoldAndtYm-
913,-YwIlbriflidIskrYdDEmtuyu-AndIS@lrEdDAkWntAvDEm-@SilEZR-InDAsekrAdr@jIsCRs-
914,-AbzRvAgEnwAtkIrdAlatuk-InDApIsutAvwIstAm-sRCIGWtDAdipTIGzAvDAwRld-AndAplYIGDEmtuDAyusAvmEn-
915,-DAmostfenIzAvDEmol-wazDAovRTrot-AvDAYlAndAvRtwEntAs-
916,-fcr@tDApEroAvhRonEgzIstAns-AndwEnDAtRhElIGzh@dIzRtIdhR-SiripEldIGvidR-AndcfRonAkcrtgevlIbRtiCuclDAneSAnzwIDIndIpIlRz-
917,-DIsIzDAEkslAnleSAnAvDASWlzwICh@fWndInD@thartAvDAtl@ntIkoSAn-
918,-bAtYwUdnatspik@tAtYm-bIkczYwantuturifrESlemEmRi-
919,-DEnWlEtmiIksplendtuyuDAcrdRAvWREntRtenmAnt-fRst-tumiAshuIzAn@CRAlfAlazAvhR-wIlspik-AvDAcrAjAnAvDAwRld-goIGdWnWntuDAkrieSAnAvmEn-AndbEn-YS@lrAsivDAmEnhumhih@zfrietAd-AndsAmAvwumwIlh@vbIn-EjAketubYyu-AndIntrAdusDEmtuyu-@zDAlcstATiiIGsItAzAnz-AfhumDAIjIpSAnr@kRdspok-
920,-bAtclrEdi@tApOntInAkAnamikAvAluSAnfarAndetIGDAIm@jAndzAvDAledi-spESAlYzdkAnsAmpSAnAvAgUdz-@z@nEvAdAnsAvpEkyunRistrEGkTh@dbIgAntuwRkWtInAmcrclIslEbRtsIstAm-
921,-DAtIltIvkAnsEmpSAn@z@nEvAdAnsAv-wElTIztubikcst@zAdrivAtIv-groT-
922,-sACkAnsAmpSAnAzfclztuDAwImAnIzmIliAnsIdEntAltuDErwRk-ItIzAminztuDErkAntInyudlebW-AndnatukAnsEmpSAndREktAdtuDEronkAmfItAndfUlnIsAvlYf-
923,-wIDAfRDR@tv@ntsAnkAlCR-DIstubyumeCenjdIntusImpAlkAstAmAvAmcrcrlEsrIgRAskErIktR-bAtwAtEvRbiDATyUrIstgAlbesAsAvDAdIstIGkSAnwICIzmentend-wEDRItbiAtubucrAlarjAvkAmEnSAn@lIti-DAfiCRzAvDAkAnvEnSAnAlskimAvkAnsEmpSAndunatCenjizAli-
924,-InDAneCRAvTIGz-lAgZRizAndDAkAmfAtsAvlYfbIlAGtuDAlEZRkl@s-
925,-AndRDAtubusEdnvIkCAlzAndmaptIklIrli-sRtAnbEvRIjIs-arstrIktlirIzRvdfcrDAyusAvDAsupIriRkas-
926,-brEGkAnIstsAndDADRpETAlAjIkAlkansAkwEnsAzAvDAfriyuzAvstImAlAns-DefAtEndInDErtRntubIkAmAnRIfIk-@zbiIGAmak@tDAsekAndrimuv-AvDAsupIriAstetAzAvDozhuaRebAltuAfcrd-DAIndAlCAns-
927,-Ith@zivInh@pAnd-D@tDAnemfcrsRdAndIzistkAndISAnzAvDAbAdiRYzIGfrAmsAC@nrAjAnth@zpcstIntuEvRidespiC-@zAsInInAmfcrnobAl-crjEntAl-
928,-DAkAnsEmpSAnAvlAgZRiz-InDAtrusEns-hIzAkAnsEmpSAndRIktIdtuDAkAmfAtAvDAkAnsumRhImsElf-AndIzDErfcr-AmarkAvDAmastR-
929,-wIDmEnikwAlAfAkeSAnz-wIDmcrkwAfAkeSAnz@zDApetriIkAltrAdISAn@zgr@jAlwikAnd-DAjEnRAlruIzfEltubirYtAndbYndIGD@twImAnSUdkAnsimonlifcrDAbEnAfItAvDErmcstRz-
930,-DAbjEkSAnAvkosprizAntsItsElfD@tIkspEndAdyUrAnwImAnstrEsAndhWsoldpErEfRinelyA-Iz@nAbvAsIksEpSAntuDITru-bAtItwIlApIrInDAsikwAltD@tDIsIksEpSAnIzmACmcrAvDIs-AndsAbstEnSAl-
931,-DAkAstAmAvfEstAvgEDRIGzprabAbliRIjAnetIdInmotIzAvkAnvibi@lAtiAndriliCAn-DizmEoAtIvsarAlsoprEzAntInDAletudIvElApmAnt-bAtDedunatkAntInyutubiDAsWmotIvs-
932,-DErIzAmcrAlAsIlEbRItsIstAmAvr@GkAngrets-
933,-DIsdIfREnSieSAnIzfRDRdbYDAInhErAtAnsAvwElTAndDAkanskwAntInhErAtAnsAvtEntIlAti-
934,-mEniAvDizAfIlAtIdjEntAlmInAvlEZR-ar@tDAsemtYmEsAmAnAvsAbstAnsInDAronrYt-soD@tsAmAvDEmAskesnItAl-ADRzonliparstlitubEretId@zbYkEriAskAnsumAs-
935,-somEniAvDEmhWEvR-@zmekApDArItenRAndh@GgRzanAvDApetrAn-mebik@st@zbYkEriAskAnsumA-wITWtkwAfAkeSAn-
936,-mEniAvDizAgEn-AndcldsomEniAvDADR@stakrIsiAvlEsdIgri-h@vIGtRnAt@CtuDAprRsAnzAmcrcrlEskamprihEnsIvgrupAvYk@rizkAnsumA-InDApEsAntsAvDErwYfsAndCIldrAn-DErsRvAnts-rItenRsEtsEtRA-
937,-DAwErIGAvyunAfArmzAlIvRizImplYzAkAnsIdRAbAldIkwiAvdIpEndAnsAndmeivInbisEdtubimakAvsEvAtud-ryAlcrAstEnsAbAl-
938,-DAwErRzAvyunAfcrmz@tlIvRizmebirAftAdIfYdIdAntutukl@sAz-DAfriAndDAsRvAl-crDAnobAl-AndDAIgnobAl-
939,-bAtDAjEnRAldIstIGkSAnIznatanD@tukWntubiovRlUkt-
940,-sE-DozAfhIzIswICarbYrYtDAprapREmplOmAntAvDAlEZRkrcsAnobAl-sAC@zgAvRmAntfYtIGhAntIGDAkErAvamzsAndAkwItAmAnts-AndDAlYk-InScrt-DozwICmebIk@stAsAstEnsIbliprEdAtEriEmplOmAnts-
941,-wEnEvR@zInDizkesAzDAminiAlsEvAsInkwEsCAnh@ztududRIkliwIDAprYmrIlEZREmplOmAntsAvfYtIGAndhAntIG-It-izAliAkwYzArIflEktAdAnARiTIkErIktR-
942,-DAlIvRibIkAmzAvnakSAstunili-oldhuarikwYAtuwErIt-
943,-AndAjEnRAlwe-DonatolIncrkAnsIstAntliDiztugrupskoInsYd-
944,-DAdIpEndAnthuwazfRstdElAgetdfcrDizdutizwazDAwYfcrDACifwYf-And@zwUdbiIkspEktAdInAletAdIvWpmAntAvDAInsItuSAn-wEnDAnAmbRAvpRsAntsbYhImdizditIsakAstAmErlipRfcrmdrECAlAnEroz-DAwYfrImenzDAnAst-
945,-bAt@zwidIsEndDAsoSAlskelDApOntAsprEzAntliriCt-wErDAdutAsAvYkErIslEZRAndkAnsEmpSAndIvalvApanDAwYfAlon-
946,-InDAkAmyunAtizAvDAwEstAnkAfCRDIspOntIz@tprEzAntfWndAmAGDAloImIdAk@s-
947,-IfbyutRkAmfAtIzACivdAndItIzmcrAlAsfrtutusEkAndst@nsAfDEr-DemAstbiACivdbYminzAndmETAdzD@tkAmEndDEmsElvztuDAgretIkAnamIkloAvOsAdEfIt-
948,-DAm@nAvDAhWsholdclsokAndusAmTIGInDIsTErIksnAnInditikAmAlidAz-bAtwIDAstIloRdIsEntIntuDAlEvAlzAvIndIjAns-@tanDAmarjAnAvDAslImz-DAm@nAndprEzAntliclsoDACIldrAn-vRCAlsizdtukAmsyumv@lyAbAlgUdzfcrApIrAnsAz-AndDAwUmAnrImensvRCAliDAsolIksponAntAvDAhWsholdzpEkyunERidisAnsi-
949,-vErimACAvskwalRAndIskAmfAtwIlbiIntudbIfcrDAl@strIGkItcrDAlcstpritEndsAvpEkyunEridisAnsizpUtAwe-
950,-DErIznokl@sAndnokAntriD@t@zyildAdsoAbdEktlibIfcrDAprESRAvfIzIkAlwont-@ztudInYDEmsElvzclgrEtAfAkeSAnAvDIshYRaRspIriCuAlnid-
951,-DAkwEsCAns-wICAvDAtumETAdzwIlmostIfEktIbliriCtDApRsAnzhuzkAmbIkSAnzItIzdDIsYRdtuIfEkt-
952,-iCwIlDErfcrsRvAbWtikwAliwElduIGDARniRstetAzAvsoSAlgroT-
953,-DAmAdAnargAnAzeSAnAvIndAstriwRksInDAsemdREkSAnAlsovYnADRlYn-
954,-ItIzEvAdAntDErfUrD@tDAprEzAntrEndAvDAdIvElApmAntIzInDAdarIkSAnAvhYtAnIGDAyutIlAtiIvkAmspIkyuskAnsEmpSAn@zkAmpErdwIDlEZR-
955,-ItIzclsonaYtIsAbAlD@tDAsAbsAbIlAtIvkAmsEmpSAn@zAminzAvripyut-@zwEl@zDAInsIstAnsanIt@z@nElAmAntAvdisAnsi-Iz@tItspEstInDozpoSAnzAvDAkAmyunAtiwIDhyumAnkantEktAvDAIndAviCuAlizwYdAstAndDAmAbIlAtiAvDApapyAleSAnIzgretAst-
956,-kAmsAmpSAnbIkAmzAlWjtuEnAmAntInDAs@ndRdAvlIvIGInDAsetinAnInDAkAntri-
957,-AmAGDAkAntripApyAleSAnItsplesIztusAmIkstEntekAnbYsevIGzAndhomkAmfUtsnonTruDAmidiAmAvnebIdgasApsAfISAntlitusRvDAlYkjEnRAlp@TIzAvpEkyunRiripyut-
958,-DArIzAltIzAgretfAbIlAtiAvDAlebREmpOdInpEntIG-p@psgretRD@nInEniADRikwAliwEldIfYndInkAnsIdArAbAlbAdiAvwRkmAn-
959,-AndRDAsImpAltEstAvIfEktIvnAsfcrEdvAtYzIG-wiCSUdIkspEktufYndlEZRAndDAkAmspIkyuskAnsEmpSAnAvgUdz-dIvYdIGDAfildAvpEkyunEri@myAleSAnpritivAnlibItwinDEm@tDAWts@t-
960,-bAtDA@kCAwAlkorsAvdIvElApAnth@zbInsAmwAtdIfRAntfrAmDIsYdilskim-lEZRhEldDAfRstpes@tDAstatAndkemtolDAr@GkfErAmAtAbAvtwestfAlkAnsEmpSAnAvgUdz-boT@zAdErIktIksponAntAvwElTAndAz@nElAmAntInDAst@ndRdAvdisAnsi-duIGDAkwcrsYpisfAlkAlCR-
961,-rDAsRkAmst@nsApEmItIG-D@tInstIGktdIspozhIzmEntulUkwIDfevRApanprAdEktIvIfISAnsi-AndanwotEvRIzAvhyumAnyuz-
962,-YrEkAnsIlieSAnbItwinDAtukAnflIktIGwIkwYAmAntsIzAfEktAdbYrIzcrtumekbIliv-mEnAnIntrAkAtpAlYtAbzEvAnsAzsAmsoSAldutizAvAsErAmoniIneCRardIvElApt-mEniargAnAzeSAnsAfWndwIDsAmspiSAzAbjEktAvImyIlyReSAnEmbAdIdInDErAfISAlstYlAntYtAl-DErIzmACkAmIGIngoIG-AndAdilAvtck-tuDAEndD@tDAtckIzmenath@vAkeSAnturIflEktanwAtIzDAIfEkCuAlikAnamIkv@lyAvDErtr@fIk-
963,-DAselAnfiCAzAvDIsdIvElApmAntAvdAmEstIksav@zh@vcrEdugEnIndAketAd-
964,-TruWtDAIntYrEvAluSAnAvkAnspIkyusEkspEndACR-wEDRAvgUdsRAvsRvAsAzcrhyumAnlYf-rEnzDAabviAsImplAkeSAnD@tIncldAtuIfEkCuwAlimEnDAkAnsumAsgUdfem-ItmAstbi@nIkspEndACRAvsupRflutiz-
965,-@zyusInDAspiCAvEvRidelYfDAwUdk@riz@nAndRtonAvdEprAkeSAn-
966,-DAyusAvDAwUd-west@zAtEknIkAltImDErfcrImplYznodIprAkeSAnAvDAmotIvzcrAvDAEndzscltbYDkAnstumRAndRDIsk@nAnAvkAnspIkyuswest-
967,-bAtItIzAnADRgrWndswRTnotIGD@tDAtImwestInDAl@GgwAjAvEvRidelYfImplYzdD@prikeSAnAvwAtIzkErAktrYzAswestfAl-
968,-InstrIkt@kyRAsinATIGSUdbiInkludAdAndRDAhEdAvkAnspIkyAswestbAtsACIkspEnACR@zIzInkRtanDAgrWndAv@nInvIjAspEkyunRikAmpErAzAn-
969,-AndnatukAmebiyusflAnwespAlboT-AndItsutIlAtidtuDAkAnsiRmebimedApAvyusAndwestInDAmostfErIGprApoSAz-
970,-AndcfAnh@zmYmADRsEdwYlanhRl@pbYlEdmYhEd-SifIrdfcrtYmYwaznatmed-bAtfritRnAti-
971,-wYrwitubidInYdiCADErsAsYAti-
972,-wYrwidtubidIvYdAd-
973,-SUrliItmAstbibIkczwirIndenjRAvlAvIGACADRtuwEl-AvluzIGsEdAvDAkrietRAndYdolAtriAvDAkriCR-
974,-wiIztudIspyutAbWlpatIksnrIlIjAn-
975,-SiAtcriAGklRdimAnzdctRwazclwezInAmYncrAti-AvwAnInWRhWsAvYAlIndIsEntInr@tAkAlIzAm-
976,-hRfibAlhElTgivhR-hRyildIGm@nR-fcrSikUdnEvRApozEniwAnwITWtg@DRIGApclhRstrEGkTfcrDAstrAgAl-
977,-hispokfrEnCpRfAktli-Yh@vbIntold-wEnidwaz-bAtdIletAdyuZAwAliEntckIGDAbrcdAstycrkCR-
978,-AndsolYfAndETh@vdIspRsDAsRkAlAvYAlIntr@dAkAlzAndIsEntRz-IntuwICtwEntiIrzAgoDAlItAlkwYAt-rEzAlutklRjimAnzdctRwazrAsivd-AndbYhumSiwaztrulilAvdAnhanRd-
979,-j@nyuEriAndfEbyAwEriAvetinTRdisEvAnh@dp@stAwe-AndstIlDErwaznorIplYfrAmAs@lvi-
980,-Y@mnatdIpriSietIGItwEnYseD@tInDiztYmzItIznatrEr-
981,-bAtItIznatwIDAvyutudIstIGkSAnD@tyuSUdkAltAvedDIst@lAnt-Ifyuk@nscltycronh@pinAs-
982,-yuwIlseD@tAwUmAnh@znonidAvsACAkaSAn-DErk@nbinopErAlInItfcrhR-
983,-DAmcrSiIzEngejdInhRprapRdutiz-DAl@stlEZR-wIlSih@vfcrIt-ivIn@z@nAkamplISmAnt-AndArEkrieSAn-
984,-tuDozdutizyuh@vnatyEtbInkcld-AndwEnyuar-yuwIlbilEsigRfcrsAlEbRti-
985,-bAtdunat-sApozD@tYdIspErIjDAgIftwICyupAzEs-ncrD@tYwUdIskRtyufrAmEksRsYzIGItYonliIgzcrtyu-sotuTIGkAvIt-AndsotuyuzIt-@zturEndRItkAndusAvtuycronpRmAnAntgUd-
986,-fErwElm@dAm-
987,-DoYmebibAt-@nAngreSAs@dvYzRyuwIlAlWmi-DErfcr-tusAskrYbmYsElf-wIDAbEstwISIzfcryh@pinAs-hirAndhIr@ftR-ycrtRfrEnd-rabRItsElvi-
988,-sR-marCsIkstinT-
989,-Yh@vnatvEnCRdtuhopfcrsACrIplY-sokAnsIdRItInItston-sonobAlInItspIrAt-
990,-YnoDAfRstlEtRYrotuyuIzclsEnslAstr@StfrAmbIgInIGtuEnd-bAtY@mnatcltAgEDRDAYdAldrimIGbiIGItwUdsimtudInot-
991,-YTctItDErfcrmYdutiwEnYlEftskultubIkAmAgAvRnAs-
992,-InDAivnIGzYkAnfEstYduTIGk-bAtYnEvRtrAbAlEniwAnElswIDmYTcts-
993,-YkErfAliAvOdEniApIrAnsAvpriakyApeSAn@n-IksEntrIsIti-wICmYtlEDozYlYvAmAGstIsAspEktDAneCRAvmYpRsuts-
994,-YdotclwezsAksid-fcrsAmtYmzwEnYmtiCIGcrsoIGYwUdr@DRbirEdIGArYtIG-bAtYtrYdtudInYmYsElfAndmYfaDRz@prAbeSAn-@mplirIwcrdIdmifcrDA-prYveSAn-
995,-YgEnAT@Gkyu-DIsInsAdAntYsApozwIlbirInudnomcr-IfYlYvdtubi@noldwImAnYS@lrImEmbRItTRdiyIrzhEns@zAbrYtdrim-
996,-piEs-presRIkskyuzmifcrYtIGtuusEkAndtYm-Yk@nathEprYtIG-parlitutElyuhWT@GkfAlY@mfcRycrkYndnAs-AndparlitulEtyunoD@tyUr@dvYsS@lnatbiwestAd-hWEvRsarAfliAnrIlEktAdDAImebi@tfRstfalod-sibi-
997,-Yk@natdInYmYsElfDAgr@tAfAkeSAnAvInsRtIGsoDizrIplY-
998,-k@swIk-marCtwEntisEkAnd-etinTRdisEvAn-dIrm@dAm-
999,-ycrlEtRh@zgIvAnigretplEZR-AndYSUdnatfRgIvmYsElfIfYdIdnatElyuso-
1000,-AvDIsEkAndlEtRclsoSispok-AndtoldmiD@tItkAntend@nInvIteSAnfcrhRtugoAndsiDApoAtIfEvRSivIzAtAdDAliks-
1001,-anagAstwEntisEvAnT-etinTRdisEvAnSirYts-
1002,-kAmkAmYmgEtIGrIlitYRdAvr@bsAns-
1003,-s@tRdi@ftRs@tRdikAmzrWnd-AndYk@nh@vnohopAvhirIGycrnak@tDAdcr-AndDEnbiIGtoldD@tmIsiIskAm-odIr-
1004,-InDIsmAnatAnAslYfAvmYndDWtwazAplEzAntIvEnt-
1005,-YwazyuvRrIkRAgEn-bAtItwIltektucrTriIntRvyuzbIfcrDAstIfnAs-DAInstrenjmAnt-AvDIslcGsEpReSAnwRlwErAwe-
1006,-mYzhultErzwEnYk@ntr@stDAblIsAvsACAstet-brYtAndbYhopsAvDAfyuCR-wIDAm@lAnkalistedAndWlYvInAnsRtAnD@tY-EvRfEltrukAntrISAn-wAndRIG-InTctIndid-lcGIGfcrholinAswICYS@lnEvRnEvRAbtin-smItsInD@tYmztuDAhart-wIDAkAnvIkSAnD@tg@slikalvAnIstIkdakCAnzcrtru-darkAndInSUrdbYDAvEriS@dozAvspIrICAldET-
1007,-IfkrISAnpRfEkSAnbinEsAsEritus@lveSAn-YS@lnEvRbisevd-mYhardIzAvErihatbEdfcrsInfAlTcts-AndwEnYdIsYdan@n@kSAnYskErsDirImEmbRtulUktumYRdimRfcrAdREkSAn-
1008,-AndmintYm-YnoDAgretnAsAvjhovA-Y@knaIjDApRfEkSAnAvhIzwRd-YAdcrDApyUrAtiAvDAkrISAnfeT-mYTIriAzrYt-mYpr@ktAsharAblircG-
1009,-DAkrIzmAshalAtizkem-AndSiAnd@nrItRndtuDAparsAnAj-AndtuD@th@pihomsRkAl-InwIC-AlonDErneCRzIksp@ndAd-AmAGstclADRpipAlDeSrYvAlD@tmcrlEs-
1010,-IndidDErwRonliwAncrtustrenjRzhukUdbiAdmItAd-AmAGDAsIstRzwITWtprAdusIGDAsemrIzAlt-
1011,-SiwazgocIGWtIntuDAvIlAjansAmErAndwEn-@zSiwazdIsEndIGDAstipstrithRfUtslIptanYsAndSifEl-hiwazdarkInonschRmIsC@ns-tIl@ftRtYmhRgronzAt@ktAdDAtEnSAnAvAp@sRbY-
1012,-AnfcrCAnAtliDAfr@kCRkU@natbisEtusIksAklakDAnEkstmcrnIG-@znosRjAnwaztubih@dbIfcrD@tYm-AndSinWlYzd@thRhWs-InAvEridWtfAlAndenjRAstet-
1013,-hWEvRrImEmbRIGwAtyu-toldmi-nemliD@eyuh@dkAmEndAdDAm@tRtuAhYRdIsIZAnD@narz-AndD@tsyuarizalvztIzsAbmItwIDrEzAgneSAntuD@tdIsIZAn-wAtEvRItmYtbi-YholdItmYduti-tuyildclsoAndtubisYlAnt-AndmebiclfcrDAbEst-
1014,-@ftRDIsdIzApOntmAnt-YnEvRdErEkAnwIDsRtAntianDAEnjOmAntAvAplEZRAgEn-Itsimz@zIfsAmfAt@lAtistUdbItwinyuAndmi-
1015,-Y@mnatgUdInAfcryu-AndyumAstbikEptfrAmDAkAnt@mAneSAn-AvtuIntAmAtsAsYAti-
1016,-AgUdnebWRAvDAbrcntes-AklEvRIntElAjAntycrksRwUmAn-hukipsAdrAgIzSapAndhclwRT-AndfrAmhRakyApeSAnhRIkspIriAns@nEksAlAnsEns-holdzDApAzISAnAvIlAjdaktrAsAnRs-And@zsACh@zbInAfrEndInmEniAtYmAvtrYAl-AndsIgnAsAndET-InDAhWsholdzrWnd-toldmiAkErtrIstIklItAlInsAdAnt-kAnEktAdwIDt@bizfr@kCRlEg-
1017,-t@bih@dlYvdwIDEmfcrtEnRtwElvyIrzAndwaz-@zSUrlItIksprEstIt-wAnAvDAf@mAli-
1018,-hirIfyuz@tfRstulIsIntuDAkErfAl@dvYs-ItwazrIpAgnAntuhIzlIbRAlneCR-
1019,-DIsdIsIZAnwazkAmyunAketIdtuDAgRlz-
1020,-t@bihAdtEndAdDEmInDErCYldhUd-DeAndnAnADRSitEndhRInhRInfRmItiInej-
1021,-@titYmDewRs@dAndsYlAntAndDAmilwEntuAAndtACtbYEniAvDATri-
1022,-Sih@dAnADRwetanhRmYndDIskrIsmAs-
1023,-bAt@nh@dbIg@ntusEvrAdAsbIfcrDAhalAdezAndSarlAtwaStovRhRyAGgRsIstRz-wIDAjElAsvIjAlAnsAvsAm-wYldkriCR-D@tCenjAzhRvErineCRIfdenjRTrEnAdzhRyAG-
1024,-stAnbY@GzYAtifcrDIs-lItAlsIstR-SiApbredAd-mIstAbAlyufcrhRf@nsidIndIfRAnstu@nstietAvhElT-
1025,-stIlhRharth@drAsivdASakInDApRsEpSAnIv@nzdElAkAsi-AnclDizhalAdeSiwaCtovRhRwIDAlcGIGfanIgzYAti-wICIzsofUlAvsAdAnp@GzAfIr-
1026,-YdWtwEDRbrWnwElwazmentenIGhImsElf@tDIstYm-
1027,-tusElAbretDARYvAlAvhRsAn-sIlviAgevAsplEndAdsApRtuwICSih@dInvYtAdclhRrElAtIvz-AndItwazAgUdapRtunAtifcrmitumekDErAkwentAns-
1028,-wITWtsIGItpazAtIvli-SimedmiAndRst@ndD@tbiIGhRsElf-AndDIlAstriAsmEmbRAvDAripAblIkAvlEtRz-SiwazwElAwErD@tSiwazspikIGtu@nInsEkt-
1029,-IncrdRtuplizhR-YspoktuhRAvDA@bikatni-AndYh@dAkeZAntukwotulYnzAvD@tprofWndrYtR-
1030,-m@dAmkREktAdmiwIDA-p@trAnYsIGErfcrbYprAnAnsieSAnAvDAwRd-skAvRA-wICminzdIvYdAd-seIGD@tItctubiprAnWnst-skyUrA-AndSi@dAdD@tYctubivErigl@dtuh@vlRndsomACanDAfRstdeAvmYRYvAlInpErIs-tElIGmi-D@twUdbiInImpcrtAnt-deInmYlYf-
1031,-hRfeswazInAnIgmAfcrtInspYRdEvRiwAnwIDAwcrmAstsImpATi-AndyEt-IfyuIgz@mAtItAtEntIvli-DErwaznatwAnbyutAfAlfiCR-SikUdnatbikcldh@nsAmbAtnowAnkUdh@vTcthRAgli-
1032,-sIlviAwazDA@dReSAnAvfr@ns-AndhRt@lAntwazDArilsApcrt-AvclDAkamAdiz-wICDAgretAstcTRzrotfcrhR-AspESliAv-DAplezAvmErAvo-fcrwITWthR-hIzkamAdizwUdnEvRh@vgcntuprastErAti-
1033,-sIlviAdIdnatTIGkD@thRgUdkandAktwazAmErAt-fcrSinuD@tSiwazvRCuAsonlibIkczhRsElflAvkAmpEldhRtubiso-AndSinEvRIgzIbAtAdEniprYd-crAsumdEnisupIriartitwcrdzhRTi@trIkAlsIstRz-clDosh@tAsfYdtuSYnbYDErt@lAntcrDErbyuti-DekErdlItAlAbWtrEndRIGDEmsElvzkAnspIkyuAsbYDErvRCu-
1034,-tuyIrzbIfcrhRdETYschRpRfcrmDAkErIktRAvmEri@nInDAkamAdiAvmErAvo-AndInspYtAvhRej-AndIklYnIGhElT-DAIluZAnwazkAmplit-
1035,-SiwazhAnRAblibEridInDACRCAvsentsAvEr-wITWtDAslYtAstapAzISAnfrAmDAvEnRAbAlpristhufarfrAmSErIGDA@ntikrICAnIntalRAnsiAvDAklRjiAndjEnRAl-sEdD@thRprAfESAn@z@n@ktrAsh@dnathIndRdhRfrAmbiIGAgUdkrIsCAn-AndD@tDARTwazAkamAnmADRAvclhyumAnbiIGz-@zjisAzkrYsth@dbInDAs@vyRAvclm@nkYnd-
1036,-yuwIlfRgIvmidIridRIfYh@vmedtuAtEnd-DAfyunRAlAvsIlviAtEnyIrzbIfcrhRdET-bIlivmiYh@vnoIntEnCAnAvpRfcrmIGAmIrAkAl-yumekAnsolyRsElfwIDAYdiA-D@tYS@lspEryuD@tAnplEzAnt@skwEnpUrsIlviAdYz-
1037,-YnEvRh@dEnif@mAli-
1038,-Yh@dAnemYbIlivInmYyAGdez-bAtYh@vfRgatAnItsInsYh@vbInInsRvAs-
1039,-YS@lkclyu@zspri-
1040,-yutumiA-gretanR-
1041,-hir-goAndIdmiCenjfcrAlui-Yh@vItsR-
1042,-@tjlsRvAsR-
1043,-m@dAmwEnscl-bIsYdzkAnEnsAycrInkwYRiz-
1044,-YsiAkwantAtiAvCErzfcrhYR@tDAretAv-wAnsu-mEnrEdIGDAnuzpepRAndRDASedAvDAtriz-gRlzAndmEnbrEkfAstIGiDRAlonmcrIndkAmpAni-wetRzhuwRr@pAdligoIGApAndWnAndnErostErkeshIdAnAndRDAfolIj-
1045,-YsItdWn@tAsmcltebAl-AwetRkAmzImidiAtlituInkwYrmYwISIz-
1046,-YdWntugIvmisAkafiIfItIzgUd-
1047,-DEntRnIGtAwcrdzmi-hisEzD@tYlUktlYkAfcrAnRAndwEnYseD@tY@m@nIt@lyAn-hibIgInztuspiktumiAvDAkcrt-DAsItiAvDATiAtRz-And@tl@sthicfRsztuAkAmpAnimiEvriwEr-
1048,-YT@GkhIm-AndtekmYliv-
1049,-Y@drEshIm@nIt@lyAn-Andhi@nsRzvEriwICAli-bAthIzweAvspikIGmekstmismYlAndYtElhImwY-
1050,-mYrImarkplizIzhImbAtYsunpruvdtuhImD@tItdIznatDArYtwetuspik-hWEvRpRfIktmeh@vbInDAl@GgwAjAvD@tenCAntrYtR-
1051,-YsiAkrWdInwAnkhcrnRAvDAgardAn-Evribadist@ndIGstIlAndlUkIGAp-
1052,-IzDErnatAmRrIdiAnEvriwEr-
1053,-yEsbAtDAmRIdiAnAvDApAlirO@lIzDAmostIgz@kt-
1054,-D@tIztrub@dEltgri-
1055,-clDizanAstpRsAnzarwetIGDErtRntugEtDErsnAfbaksAzfIld-
1056,-ItIzsolEvriwEr-wAtfcrDAl@stTriwiksnobadiwIlyuzEnisnAf-bAtD@tsold-@tDAsAvEtk@t-
1057,-IzIt-bEtRD@nEniwErEls-
1058,-bAthWdIdSim@nAjdturEndRItsof@SAnAbAl-
1059,-sImplibYstapIGhRk@rIjtucrTritYmzbIfcrDASap-tuh@vhRsnAfbaksfIld-AndbYseIGAlWdtuDAyAGgRlhuh@ndAdb@kDAbaksD@thRsInAf-wazDAvEribEstInpErIs-
1060,-yuarnWInDAonlikAntrinDAwRldwErwItk@nmekAfcrCAnbYsElIGiDRAjEnyAwAn-crAv-fcls-artAkAl-InDAfRstkes-ItrAsivzDAwElkoAvIntElAjAntInt@lAntAdpipAl-AndInDAsEkAnd-fulzcrclwezrEditurIwcrdIt-fcrsIlinAsIztruliAkErAktRIstIkAvDApipAlhir-AndhWEvRwAndRfAlItmiApIr-sIlinAs-IzDAdctR-AvwIt-
1061,-lEtAm@nrAn-AndEvribadiwIlrAn@ftRhIm-DAkrWdwIlnatstapAnlEs-DAm@nIzpruvdtubim@d-bAtupruvIt-IzIndidAdIfAkAlt@sk-bIkczwih@vAkrWdAvmEnhu-m@dfrAmDErbRT-arstIlkAnsIdRdwYz-
1062,-ItsimztumiYrIplYd-D@tsACApruvAl-sACr@tAfAkeSAnAvDApInyAnIksprEstbYDAkIGDAprInsAzAvDAblAdEtsEtRA-Izr@DRAprufAvDAfEkSAnfEltfcrDEmbYDAneSAn-fcrDAfrEnCk@riD@tAfEkSAntusAC@nIkstEntD@tDebIlivDEmInf@lAbAl-
1063,-wEnDAkIGkAmztupErIs-EvribadikclzWtvivAlcrY-
1064,-SiIntrAdustmituclhRgEstsAndgevmisAmpRtEkyAlRzrispEktIGEvRiwAnAvDEm-
1065,-wAtsRYsEdtuhIm-@mYfcrCAnAtInAftusiyu-
1066,-hihImsElfrIsYdIdDAsemp@sAjAnfrEnC-AndpAlYtlipOntAdWtDApartsInwIChiTctD@tYh@dImpruvdanDARIjAnAl-
1067,-fcrDAfrRstdesR-YTIGkD@twAtyuh@vdAngIvzgrethopsAvyu-AndwITWtEnidWtyuwIlmekr@pAdpragrEs-
1068,-YbIlivItsR-AndD@tIzwAtYfIr-DErfcrDAprInsApAlAbjEktAvmYvIzAthirIztudIvotmYsElfIntYRlituDAstAdiAvDAfrEndl@GgwAj-
1069,-Y@mAvEriAnplEzAntpyupAl-clwez@skIGkwEsCAnz-kyUriAs-trAbAlsAm-InseSAbAl-AndivInsApozIGD@tYkUdAnmitwIDAtiCRYrikwYr-Y@mAfredY@mnatrICInAftubehIm-
1070,-YrizYdInDAmre-rudIduspacrt-
1071,-YwIlmekyutr@nzletDEmIntufrEnCAnyunidnatbiAfredAvmYfYndIGyuInseSAbAl-
1072,-hih@dAgUd@pAtit-kUdtElAgUdstcriwITWtl@fIG-wIDsElAbretAdfcrhIzwOdirIpbrtsAndhIzsoSAbAlm@nRz-bAthispEnthIzlYf@thom-sEldAmgoIGWtAndsiIGhardliEniwAn-bIkczhiclwezh@dApYpInhIzmWDAndwazsRWndAdbY@tlistwEntik@ts-wIDwIChiwUdhAmyuzhImsElf-clde-
1073,-hIzhWskipRh@dDAm@nAjmAntAvEvriTIG-SinEvRAlWdhImtubiInidAvEniTIG-AndSigevnoAkWntAvhIzmAni-wICSikEptcltAgEDR-bIkczhinEvR@skthRturEndREniAkWnts-
1074,-anDAsIkstAveprAl-etinTRdi-DACRCAvjisAskrYstAvl@tRdAsents-wazfcrmRlicrgAnYzdAndDAstUkanAligAlEgzIstAns-
1075,-ItscrAjAnwazsmcl-AjRm-AndInsIgnyIfIkAntsid-hardlitubiTctAv@zlYklituRWzapAzISAn-
1076,-InsEtAvbAtsIks-rEgyAlRliAfIlietIdmEmbRz-And@tmost-tuskcrAv@dhIrAns-DAcrgAnAzeSAnAmbRztAdemEnihAndrAdTWzAndsolz-
1077,-InpleshAvAsIGgAlh@mlAt-InDAsmclAstkcrnRAvwICDAmEmbRzkUdh@vkaGwAgetAd-DErnWar-AbWtsEvAntisteksAvzYAn-AndAbWtsEvAnhAndrAdcrgAnYzdwRdz-iCwcrdInstekwIDItsfUlkamplAmAntAvcfAsRzAndpristAdcrgAnAzeSAnz-
1078,-DApr@ktAsAvg@DRIGItsprasAlYtsIntuwAnples-prIvEntDAbIlIGApAndstrEGTAnIGAvfcrAnbr@nCAz-AndIn@zmAC@zIkstEnsIvAndstrcG-crgAnAzeSAnzarsEldAm@twIDAbrcd-vEriEroniAsYdiAzIgzIst-kAnsRnIGDAstrEGkTAvDACRC-
1079,-nEvRDAlEsAvDAmAstRdsit-AmAGDAsmclAstAvclsits-hEzAtenDAprApcrSAnzAvAtri-AndDAbRdzAvDAErarnEstIGInItsbr@nCAz-DAekcrnIznWInok-cfRIGprAtEkSAn-AndDIswitsAvs@tAsf@kSAn-tuEvRiRnIstpogrAmjRnIGItswefcRtrus-
1080,-DErYzwRfrAmDAfRst-tRndIn@ntIsApeSAntAwcrdDAivnIGsAm-natmIrliD@tDAwRk-AvprcsletIGSUdbik@ridanInDAwEst-bAtD@tDAhEdkwcrtRzAvDACRC-SUdbiDErIst@blISt-
1081,-DAbUkAlmcrmAnth@dtctDApipAlDAtrucrAjAnAndEstAti-AvDAmErAkAtIndiAnz-AndtuwcrdDIsTErIkskIndrEmnAntAvAwAnsmYtipipAl-DAmISAnErizAvmcrmAnIzAm-RlitRndDErYz-AndwIDhRYzwEntDErharts-AndDErhops-
1082,-ItIznotAbAlD@tDAIdiAntrYbzh@vtIrAlirAgardAdDArIlIjAnAvDAl@tRdesents-wIDfevR-siIGInDAbUkAmcrmAn-strYkIGAgrimAnt-wIDhRontrAdISAnz-
1083,-DAfRstwElIst@bAlIzsitAvDACRC-wazInDAprItilItAltWnAvkaRtAIndohYo-clmostwIDInsYtAvlek-Iri-AnhirsunrozDAfRstEmpAlAvmadRntYmz-
1084,-tuDAfRvAntl@tRdisent-AtEmpAlIznatsImpliACRCbIldIG-AhWsfcrIlIjAsAzsEmbli-
1085,-sunTWzAlzAvklAvRtsh@drEntIdcrpRCAsthomzAmAzEri-AdIpEndAns-C@ksAnkWnti-biIGDErsEnR-bAtfrAmDAfRsttDewRAnpapyAlRAmAGDAmAzIriAnz-
1086,-DAlutEdAntgAvRnR-lItAlbRndAbAlyubagz-@ftRwRdgAvRnR-wazAprAnWnst-mcrmAnhetR-AndTruWtDApIriAdAvDAtrAbAlz-him@nIfIsIzsImpATiwIDApRsIkyutRz-
1087,-DErsAfRIGz-h@vnEvRyEtbInsIdlikranIkAldbYhyumAnskrYb-
1088,-mekIGD@tweAkrcsDArIvR-mostAvDArEfyujizfWndSEltRAmAGDAmcrhaspItAbAlpipAlAvklekWni-And@ftRwRdIst@blIStDEmsElvzInkcldwElkWnti-DErInfWndIGDAsItiAvfarwEst-
1089,-AsmclsEtAlm@th@dbInfWndIdbYmcrmAnts@mAlizAnSolkrik-AndhiranDATRtiAsAvaktobR-etinTRdiet-AkAmpAniAvtuhAndrAdAndfcrti-sElApanDAh@plAsEtlRzAnd-bUCRdAskcr-
1090,-biItsEdtuDAhAnRAvsAmAvDAcfAsRzEntrAstAdwIDAtErAbAlkAmISAn-D@twEnDelRnItstrusAgnIfIkAns-DerRzYnDErATlcrAti-r@DRD@nh@vEniTIGtudu-wIDwAtDedEzAgetIdAkoldblAdIdbUCRi-
1091,-owAtArEkRdturEd-wAtApIkCRdDAgezApan-hWafAlDAf@kt-
1092,-AmErAkAnskulbOz-rEdwIDImoSAnzAvhcrR-AvDi@lbAjAnsAz-drIvAnbidAnInkIld-wIDApepAlEget-dREktIGDAbUCRi-AndDovRfAvdwalT-hAntAdAndhWtulYkbists-@zDAIfEktAvArOldIkri-AndDeyEtS@lrEdInDAhIstRiAvDEronkAntri-Avsinz@ztErAbAl@zDiz-InDAEksAbISAnAvInjAstIsAndInhyumAnhet-
1093,-hubIg@nDAkwcrAl-waz@tDAmcrmAnts-
1094,-@zDIzepAlAvDAprEskamEnts-AgEnstAvDAbrut@lAtiAvDAmAzIriAnzYkwotApErAgr@f-frAmDAkwEnsiargAs-marCsIkstinT-etinTRdinYn-
1095,-ItwIlbiAbzRvdD@t@n-crgAnYzdmab-edAdbYmEniAvDAsIvAl@mIlAtEricfAsRzAvmAzEri-wIDgAvRnRbagz@tDErhEd-h@vbInDApramAnAnt-@ktRzInDIsbIznAs-InsYtAdtuItApIrzAgEnstDAmcrmAndzbYpAlItAkAlhetrAd-AndbYDAdISAnAlmotIvsAvplAndRAndrivEnC-
1096,-DAarmisWndDApipAlInpavRti-AndlEftDEmInkAmpErAtIvwElT-
1097,-bAtAwRdfRDRkAnsRnIGDAEkspAdISAnInjEnRAl-
1098,-ItwazTruflOts@dvYsdDupbikenIdcrdRDAmIlAtEriEkspAdISAntuyutc-astEnsAbli-tuInstclsRtAnfEdRAlAfISAlzAndturiprEsAndAlEjt-InfEntWrIbElyAn-wICInf@kth@dnEvRkAmIntuEgzIstAns-bAtInri@lAtitufRDRDAIntrAsAvDIsAsESAnAsts-
1099,-mcrovRh@dDApipAlbInInklYndturIbElyAn-wilgethRapRtunAtikUdDeh@vwISt-
1100,-clrEdiAncrTAndAsWTwRtckAtAv-wAnansEdApalsoAwEst-
1101,-DenunoncrTnosWTDoistnowEst-DesEdpazAtIvlibYDAkantAtuSAn-Andwdh@vnATIGtuduInDAblAdistrYfbItwinbrADRz-AnlEsIndidDewRsAmAndbYDATcrAtituwIC-Deh@dclrEdiwAnslcAlirIspandId-tufRnISmEnAndarmzfcrDAkAntriznid-
1102,-wIDAl@tRnAsedzkclsAlEsCAlmErIj-hIzkErAktRIstIkAvDACRC-AndIzInvErijEnRAlpr@ktAs-bAtAvsAlEsCAlmErIj-plR@lAtiwYvzwaz@nInsAdAnt-nEvR@nIsEnSAl-
1103,-wibIlivInAlItRAlrEzREkSAn-And@n@kCAwAlhIr@ftR-InwICfiCRstetS@lbirEkAgnYzdEvRis@GktIfYdIdcTRYzrileSAnSIpIgzIstIGhiranRT-AvpErAntD@nCYld-brADRAndsIstR-hAzbAndAndwYf-
1104,-Ith@zbInmYprIvlAj-tutrEdDAsOlAvmEnil@ndz-tuAbzRvDAkAstAmzAndstAdiDAh@bAtsAvmcrneSAnzD@twAn-AndYhYvyEtufYndDAplesInmitupipAl-wErInwIDhumDApyUrAtiAvm@nAndwUmAn-hIzhEldmcrprESAs-D@tAmAGDAmAlYndmcrmAntsInDAmWntAnv@lizAvDAwEst-
1105,-@tDAInsEpSAnAvbRlmErIjAmAGDAl@tRdesYnts-DErwaznolcd@SAnAlcrstet-AgEnsItspr@ktAs-
1106,-In-etinsIkstitu-AlcwazAnYtDiwIDApRpAsAvsAprEsIGpUrAmErIjAn-d@zh@dbInprRdIktIdInDAn@SAnAlsEnItprErdtuItsp@sAj-ItlefcrmEniyIrzAdEdlEtR-
1107,-fEdRAljAjIzAndyunYdIdstets@tRnizInyutA-huwRnatmcrmEnsncrlAvRzAvmcrmAnIzAm-rIfyuzdtuEntRtenkAmplents-crprasAkyutkesAzAndRDAlcbIkczAvItsm@nAfEstInjAstIsAndIn@dIkwAsi-
1108,-DIsmEnt-D@tfcr@nAlEjmIstRminR-fcrwICkaGgRspriskrYbdAm@ksAmAmpEnAltiAvsIksmAnTsImprIzAmAnt-AndAfYnAvTrihAndrAdalRz-Am@nmYtbi@mprIzAnfrArlYf-YfcrmEnitRmzAvAm@nsn@CRAlYf-dIdDAkwcrtspWRtuEnfcrsItsEntAnsAzIkstEntsofar-AndmYtbifYndIGmIlyAnzAvdalRz-
1109,-bIfcrDIstr@vAstianDA@dmInIstreSAnAvlckUdbibatbIfcrDAkcrtAvl@strIzcrt-AndDErmEtwIDArIvRsAlAndribyukAtdIzRvd-mEnwErmprIzAnAndRsEntAnsAvmEniyIrzdUreSAn-
1110,-DApipAlkAntEsADizmEZRzwAnbYwAnInDAkcrts-prIzEntIGInkes@ftRkes-DAdIfRAntfezAzAvDAsAbjIkt-AndRjIGDA-AnkanstAtuSAn@lItiAvDAmEZR-
1111,-DEnDACRCwazdIsAnkwcapRetAd-AndItsprapRtiwolTrilAndpRsInIl-kanfIsketAdAnd-ISietAdtuDAgAvRmAntAvDAyunYtAdstets-AndclDoD@tpRsInIlprapRtiwazsunrIstcrd-wilIstetAvgretv@lyulcGleInDAh@ndzAvDAkcrtsrAsivR-AndDAwcrmAnCRCh@dtupeDAn@SRnAldARmAnthYrEntAlanIts-onprapRti-
1112,-AndsoDAstcriAvmcrmAnIzAmrAnzan-ItsfAn@lih@znatyEtbInrItAn-DAkRAntprEsprizEntskAntInyuAsli-nustejAzAvItspragrEs-nudIvElApmAntsAvItspl@n-
1113,-menhomYkdElAgz@ndRbIkczhiwaz@nEnjAnIr-
1114,-yih@dprikAnstidYdiAIzAbWtEvriTIG-AndhIzYdiIrAbWtAmErAkAnzwazD@tDeSUdbiEnjAnyIrzavAk@nIks-
1115,-ItstrAmEndAsliwElpUtantu-
1116,-ItsbInanonlituwiksAndYvbInh@pAdAzAntYmzclrEdi-
1117,-yuno@lAgz@ndR-medhclUktwIDpRklEksAtickIntuDAtapAvDAh@nsAm-AndrAbdhIzpekCikwIDhIzglAptfIGgR-duyunoYsAmtYmzTIGkAvtekIGtukrItAsIzAmsIriAslimYsElf-
1118,-SisevzhRh@ndtu-SizcthRbEstInDAsEkAnd@k-
1119,-hisbIndwanIGtumErihEldAtDizTruyIrzAndmcr-
1120,-SidAzAntekApwIDEnibAdyuno-
1121,-YriGbcrgoIGwAnAvhRf@mAli-toldmiAndkanfAdAnsD@tDErwazArom@ntsAmwErb@kInDAbIgInIG-
1122,-medholbWtfcrhRkanstAnsiwIDAlckinAsD@tmed@lAgzEndRsmYl-itInwElAkYndAvr@pAdIksYtAntwaztIGgAlIGTruhIm-
1123,-hizAndADRwazalvtlikinAbWthR-lEtmiAntrAdusyu-
1124,-sEdhERitWn-mIstRpartliElAgz@ndAdDAmErAkAnEnjInyIr-
1125,-YsesohEriDAlItAlgRlzgoIGfemAslitunYtIzAntSi-
1126,-yuno-YTnatDAd@nsAbA-kanSAstunYt-bAtAfRstYm-
1127,-wEstmi@nYwRb@k@ftRbAfRst@ktAn-wiTctSisimdkwYtAnsRtAnAhRsElf-
1128,-AlItAlAt@kAvnRvzpasAbli-
1129,-hiwazbIgInIGtufilA-kinIntrAstInDAslEndR-DErUtdanigRlhuslIptInAndWtAvDAple-sIGIG-lYksAmwAnwYndIGfruAhIlifil-
1130,-wAnYtwEnhiAnwInAvbrItwazsItIntAgEDRanDAbrIj-hitoldhRDATIGzh@dh@pAndwYliIstAdIGAbrcd-bAthiwazsarifcr-wAnkIGIndpRtIkyAlR-Andhi@skthRwEDRSigatSictunoAbWtDEm-
1131,-SikAnsIdRdcrAmomAntAnDEnsEd-nowATIGknat-DAweAmgl@dyu@sktmi-
1132,-@ftRD@tItwazizitufRgEt-@kCAwAlitufRgEt-
1133,-AvkcrshirAflEktAd-Sclwith@dD@tkambAneSAnAvsAmTIGhomliAndsEnsAbAl-AndsAmTIG-AnRliwYldAnd@ft-
1134,-SimAstkErAbWtDATiAtRAgretdIlmcrD@nSiyustu-
1135,-fYmgl@dSizhEldhRonsIns-
1136,-@ftRclwiwRafAliyAG-
1137,-YSUdAntwAndRIfSikUdl@fAbWtItwIDinW-
1138,-hIldRtwazvErinYstuhImAndhis@tanDAEjAvhIzCEr-flAStwIDhIzkanvRseSAnAlEfRtsAndwuvIGIzCInAbWtnRvAsliovRhIzhYkalR-
1139,-De@skthImtukAmtusiDEmAndCElsi-AndDespokvEritEndRliAvhIldA-
1140,-l@mwUdAnkErAgretdilAbWtmEniAvDEmYf@nsi-
1141,-wEnbartliRYvdAtbEtfrItskwEransAndeivnIG-mrEDAprItilItAlfrEnCgRl-mEthAm@tDAdcrAndkAndAktAdhImApstErz-
1142,-YSUdnEvRh@v@sktyuIfmalih@dbInhir-fcrYrImEmbRyudontlYkIGglISkUkRi-
1143,-Yh@vAnh@dAC@nsyEtutElyuwAtAjalilItAlplesYTIGkDIsIz-
1144,-DearclskECAzmedAbWtDAvIlAdAsdeyusi-
1145,-DozfElozarclvErilOAlivInmenhcl-
1146,-Avm@nAjdtusevsAmTIGEvRiyIr-AndD@twIDhElpIGmYTrisIstRznWAndDEn-AndtYdIGpUrkAzAnmYkovRbEdsizAnz-
1147,-ItsnatpartIkyAlRlirErSisEd-bAtsAmAvItwazmYmADRz-
1148,-DErwazwAtAkrEsupAndsol-AndAdIlYtfAlanlEtstAftwIDmASrumzAndtrAfAlz-AndtusmclrErdAklIGz-AndartACopsAndAdrYyEloronwYnAvwICbartlih@dclwezbInvErifand-
1149,-DErIznATIGElsD@tlUksojali-
1150,-T@Gkyu-bAtYdontlYkItsowEl@zDIs-
1151,-h@vyubInImpErIsmACDizleyIrz-
1152,-DErarAfyuCenjAzInDAoldkwcrtR-
1153,-dontYDoh@msosarituhirIt-hodIdhRsAntRnWt-
1154,-hRhErIstIlYkfl@ks-AndhRbluYzacrjAstlYkAbebiz-AndSih@zDAsemTrifrEkAlzanhRlItAlnoz-AndtcksAbWlgoIGb@ktuhRb@ndAmEr-
1155,-hWjaliItwazbiIGyAGhIldA-
1156,-duyurImEmbRD@tfRstwckwitUktAgEDRIndpErIs-
1157,-kAm-wIlh@vhRkafyuniAvDRrumAndyuk@nsmok-
1158,-YTIGkwidIdSi@nsRdtumIrAli-
1159,-wAtSiwantAdfrAmAswazniDRWrflWRzncrWRfr@Gks-bAtjAstWRyuT-
1160,-DewRboTrImEmbRIGwAtDAwUmAnh@dsEdwEnSitUkDAmAni-gUdgIvyuAh@pilAv-
1161,-DAstrenjwUmAnAndhRp@SAnAtsEntAnsD@tr@GWtsoSarpli-h@dfrYtAndDEmboT-
1162,-bartlistartAdwEnhEldAr@GAlItAlbElbIsYdhR-dIrmiwYdIdyuduD@t-
1163,-ItwazvErijalihimRmRdlezAli-@zmArikemAntutekAweDAkafi-
1164,-h@fYtoldyuAbWtmYnuple-
1165,-wEnSifInISt-@lAgzEndRSUkhImsElfWtAvArEvRi-
1166,-nansEnsAv-kcrsYk@ntrIlisIG-IksEptDAwemYmADRAndgr@mADRdIdbIfcrmi-
1167,-ItswIlituwcrmInDIsrAmtusIG-donthifilIt-
1168,-@lAgzEntRwEntovR@ndopAndDAwIndofcrhR-
1169,-DEr-jAstInfrAnt-
1170,-histUdAlItAlbIhYndhRAndtrYdtustEdihImsElf@zhisEd-ItsaftAndmIsti-sihWwYtDAstarzar-
1171,-fcrlcGtYmbiDAhIldAncrbartlispok-
1172,-hifEltAtrEmRrAnTruDAslEndRyElofIgyRInfrAntAvhIm-
1173,-bartlilindovRhRSoldRwITWtACIGhRAndwIspRdInhRir-yuargIvIGmDAC@ns-yEs-
1174,-@lAgz@ndRklEnCDAtuh@ndz@thIzsYdz-
1175,-DAstap@tkwinztWn-DAtidiAsp@sAjAvDAmRsi-crTIGzD@thinotAdImliTruhIzgroIGImpeSAns-
1176,-SiblAStAndsmYldAndfAmldhIzkardIncrkAnfyuZAndbIfcrSir@nApstErz-
1177,-@lAgzEndRpestApAndWnDAhclwe-bAtAnIGAndAnbAtAnIGhIzovRkot-AntIlSirItRndAndtUkhImAptuhIldIzlIvIGrum-
1178,-DArumwazEmptiwEnhiEntRd-
1179,-@lAgzEndRdIdnatsItdWn-
1180,-YfEltItInmYbonzwEnYwokDIsmcrnIGD@tsAmTIGsplEndAdwazgoIGtutRnAp-
1181,-YTcItmYtbisIstRketRkAzAnmYkwUdbih@pAnIGAlcG-
1182,-SipUSthImtAwcrdDAbIgCErbYDAfYRAnds@tdWnanAstul@tDAapAzAtsYdAvDAharT-hRnizdrcnAptuhRCIn-l@fIGlYkAh@pilItAlgRl-
1183,-wEndudukAmbartliAndhWdIdIth@pAn-yuh@vAntspokAnAwRd-
1184,-YgatInAbWtEnmInAtsAgo-
1185,-@lAgz@ndRlindfcrwRdAndwcrndhIzh@ndzbIfcrDAblez-
1186,-bartlibEntloRdovRDAfYR-
1187,-SilUkt@thIzhEviSoldRzAndbIgdItRmAndhEd-frAstfcrwRdlYkA-k@tApAltAnleS-
1188,-YlduEniTIGyuwISmitubartliSisEdtrEmAlAsli-
1189,-Yk@ntst@ndsiIGyumIzRAbAl-
1190,-hipUldApAwIndo@zIfDAErwRhEvi-
1191,-hIltuwaCthImfrAmDAkcrnR-trEmbAlIGAndskErslibriDIG-darkS@dozgroIGAbWthRYz-It-
1192,-bAtItswcrsnW-ItsAnbErAbAl-
1193,-YgEtnATIGbAtmIzRiWtAviDR-
1194,-DAwRldIzclDEr-jAst@zItyustubibAtYk@ntgEt@tItEnimcr-
1195,-ItwazmYsElfYwaztIfYIGhEldA-
1196,-hEldhIzfeskwIvRdbAtSiwIspRd-yEs-YTIGkItmAsth@vbIn-
1197,-bAtwYdIdAntyutElmiwEnyuwRhirInDAsAmR-
1198,-@lAgzEntRgrondYnmEntu-bAtsAmhWYkUdAnt-
1199,-SiprEsthIzhEnjEntliAndgr@tAtud-
1200,-wRAtyuh@piDEn@tcl-
1201,-SiklozdhRYzAndtUkAdiprET-@zIftudrcInAgEnDAfregrAnsAvDozdez-
1202,-himuvd-AnizAliAndhIzCErkrikt-
1203,-yEsyEsSihRid-pUlIGRhEnjAntliAwefrAmhIm-
1204,-pliztElniwAnTIGbartli-@tlist-tElmiD@tyubIlivYTctYwazmekIGyuh@pi-
1205,-yEshEldYnoD@thisEdsImpli-
1206,-Y@mtust@ndbartli-YwazrcG-
1207,-bAtYdIdAntno-yuvonlitutElminW-
1208,wAtYminIzD@tYwantyutupramAsnEvRtusiniAgEn-nomh@dRhWcfAnYkamnom@tRhWhardYdEg-
1209,-kipAwefyuwIS-wEnIfYEvRfalodyu-
1210,-@lAgzEntRrozAndSUkImsElf@GgrAli-yEsYnoankalRdli-
1211,-hitUkArAfliInhIzarmzdunowAtYmin-
1212,-hobartliwAt@mYtudu-
1213,-YwIl@skDAlistIm@jAnAbAl-bAtYmAsth@vsAmTIG-
1214,-YmAstnoAbWtyu-
1215,-DAsYtAvyubartlitusiyulIvIGAndh@piIntusAksEsfAl-k@nYnEvRmekyuAndRst@ndwAD@tminztumi-
1216,-yusi-lAvIGsAmwAn@zYlAvyumeksDAholwRldIfRAnt-
1217,-AndDEnyukemb@k-Wtk@rIGvErimAC-bAtItmednodIfRAns-
1218,-bartlibEntovRAndtUkhRInhIzarmz-kIsIGhRmWDAndhRwEt-tYRdYz-
1219,-dontkrYdontkrYhiwIspRd-
1220,-wIDtcrCRdiCADRInAfcrtunYt-
1221,-C@ptRwAn-crEnAn-
1222,-ItEnjEndRzAholwRld-lApegrA-fcrwICrEdsEft-AndDAhEl-lapEgrIn-fcrwIC-rEdhAGgR-
1223,-DAs-YdAnlnIsIzDAmADR-
1224,-Sih@zAsAn-sEft-IndDAdctR-hAGgR-
1225,-wAtIzsl@G-
1226,-wih@vnEvRAndRstUdDIscrdAvAbjEkSAnz-
1227,-sl@GIz-odiAs-
1228,-sl@GmekswAnSAdR-
1229,-hudInYzD@t-AvkcrsIt-dAz-
1230,-wEnItIzAkwEsCAnAvprobIGAwWnd-AgAlf-AsAsYAti-sInswEnh@zItbInkAnsIdRdrcGtugotufar-tugotuDAbatAm-
1231,-wih@vclwezTctD@tIfwazsAmtYmz-AkRejAs@kt-And@-@tlist-IzsImpAlAndyusfAldid-wRDiAvDAsImpATEtIk-AtEnSAnwICduti@ksEptIdInfUlfoldmErAts-
1232,w-wYSUdwAnatIksklcrEvriTIGAndstAdiEvriTIG-
1233,-wYSUdwAnhcltanDAwe-
1234,-nATIGIzmcrlugyubriAsD@nDAkantAmpleSAnDAsInItsnudAti-InDAbrcdlYt-AvTct-AvDAhcrAbAlswcrmIG-Avsl@G-
1235,-nW-wEno-h@zhcrR-EvREkskludAdstAdi-
1236,-sInswEnh@zm@lAdib@nISt-mEdAsAn-
1237,-k@nwAnIm@jAnAn@CRAlIstrAfyuzIGtustAdiDAvYpbR-DAb@t-DAskcrpiAn-lDAsEntIpid-DAtR@nCAlA-AndwAnhuwUdk@stDEmb@kIntuDErdarknAs-seIG-ohWAgliD@tIz-
1238,-hiwUdbilYk-AvDAlalAjAststrAfyuzIGtuEgz@mAnIf@ktInl@GgwAj-AfAlasAfRhEzAtAtIGtuskrItAnYzIf@ktInhyum@nIti-
1239,-watIIz-sl@G-prabRlispikIG-
1240,-ItIzDAl@GgwAjAvrECIdnAs-
1241,-wimebistapt-DAf@ktmebipUtuAs-InjEnRAltRmz-wICIzwAnweAv-At@nyuetIGIt-wimebitoldD@tcltredz-prAfESAnzItmebi@dAd-clDA@ksAdAntsAvDAsoSAlhYRarkiAn-clfcrmzAvIntElAjAns-AvDEronsl@G-
1242,-DApentRhusEz-mYgrYndR-DAnotRihusEzmYskIpAvDAgAtR-DAhErdrEstRhusEzmYmilib@k-DAkablRhusEzmYtkAb-tcks-sl@G-
1243,-DErIzDAsl@GAvDAAfEktIdledi-@zwEl@zAvDAprEsyuzAz-
1244,-DASUgRm@nyAf@kCRhusEz-lof-klErAfYd-lAmps-b@stRd-kamAn-bRnd-DIst-anAstm@nyAf@kCR-tcksl@G-
1245,-@ljAbrA-mEdAsAn-batAni-h@vijDErsl@G-
1246,-tumit-DAnidzAvDIskanflIkt-rECIdnAsh@zInvEntAdAl@GgwAjAvkamb@t-wICIz-sl@G-
1247,-tukipAflot-AndturEskyufrAmAblIviAn-tuholdAbAvDAgAlf-wrItbAtAfr@gmEntAvsAml@GgwAj-wICmEnh@z-spokAnAndwICwUdADRwYzbilcst-D@tIztuse-wAnAvDAElAmAnts-gUdcrb@d-AvwICsIlvAlIzeSAnIzkAmpozd-c-crbYwICItIzkamplAketAd-tuIkstEndtuDArEkRdzAvsoSAlabzRveSAn-IztusRvsIvAlIzeSAn-ItsElf-
1248,-DAneSAnvErigUd-
1249,-ivIndYAlEktlEt-D@t-p@sts-
1250,-tuDIswirIplYInwAnwRd-onli-
1251,-ASUrIdli-IfDAtAGwICAneSAncrpravAnsh@zspokAn-IzwRDiAvIntrAst-DAl@GgwAjwICh@zbInspokAnbYAmIzRiIztIlmcrwRDiAvAtEnSAnAndsAdi-
1252,-AndDEnwiInsIstApanIt-DAstAdiAvsoSAldIfcrmAntizAndInfRmAtiz-AndDAt@skAvpOntIGDEmWtwIDAvyuturEmAdi-IznatAbIznAsInwIC-COsIz-pRmItAd-
1253,-himAstdIsEndwIDhIzhartfUlAvCErItiAnd-sIvErIti@tDAsemtYm-@zAbrADRAnd@zAjAj-tuDoz-ImpEnAtrAbAlkesmets-crkrcl-pElnWDozhubIlivdInDozhudilDAblo-DozhuwivbInDozhukRs-Dozhuf@stAndDozhudIfWR-DozhuEndycrivAlAndDozhuInflIktAd-
1254,-duwirIlinoDAmWntRwEl-wEnwiarnatAkwentIdwIDAk@vRAn-
1255,-DekanstAtutudIfRAntcrdRzAvf@ktswICkcrsbandtuiCADR-RwIC-ar-clwezIntvOst-AndwIC-cfAn-brIGfcrT-rIzAlts-
1256,-truhIstRibiIGAmIksCRAvclTIGz-DAtruhIstriAnmIGgAlz-In-EvriTIG-
1257,-f@kts-fcrm-wAnAvDiz-And-YdiAz-DADR-
1258,-DErItkloDzItsElfInwRdm@sks-InmEtAfcr@gz-
1259,-InDIsgYzItbIkAmzhcrAbAl-
1260,w-wAnprAsidzwITWtAndRst@ndIGIt-AhIdiAsmRmR-sWndIGclmost-lYkhyumAn@ktsEnts-bAtmcrnIrlirIzEmbAlIG-AhWl-D@n@nartIkyAlItwRd-
1261,wAnTIGkswAnhirzhYdrAztckiG-
1262,-ItIz-AnIntElAjbAlanDAdark-
1263,-ItIzgl@kInmIsfcrCAn-ItIzblakrstIlAndkrYm-Diztubl@knAsIz-Am@lgAmetAd-kAmpozsl@G-
1264,-DARTIznatAvOdAvrIzEmblAns-tuAjel-
1265,-lUklosli@tlYf-
1266,-ItIzsomedD@t-EvriwErwifilDAsEnsAvpanISmAnt-
1267,-iCdeh@zItsongretgrifcrIts-lItAlkEr-
1268,-yEstRdeyuwRtrEmbAlIGfcrihElT@thIzdIrtuyu-tudeyufIrfcrycron-tumaroItwIlbi@GzYAtiAbWtmAni-DAde@ftRtumaroADAdYAtrYbAvAsl@ndR-DAde@ftRD@t-DAmIsfcrCAnAvsAmfrEnd-DEnDAprIvelIGwEDR-DEnsAmTIGD@th@zbInbrokAncrlcstTIn-AplEZRwID-wICycrkanSAnsAndyIr-vRdAbrAlkclAmrIpoCsyu-AgEn-DAkcrsAvpAblIk-AfErz-
1269,-DIswITWtrEkAnIGInDApenzAvDAhart-Andsotugozan-
1270,-DErIzhardliwAndeWtAvAhAndrAd-wICIzholijOAs-AndsAni-
1271,-AndyubIlcGtuD@tsmclkl@syuarAh@pi-
1272,-InDIswRldzEvAdAntliDAvEstIbyulAvAnADR-DErarnofcrCAnAt-
1273,-DArilhyumAndIvIZAn@zDIs-DAlumAnAs-AndDASedi-
1274,-trudImInIStDAnAmbRAvDASevi-tuAgmEnt-DAnAmbRAvDAlumAnAsD@tIzDAbjEkt-
1275,-D@tAswYwikrYEjAkeSAn-sYAns-
1276,-tutiCrEdIGminztulYkDAfYR-EvRisobAlstEldWt-sparkAlz-
1277,-hWEvR-hiuhusEzdlYt-dAznatnEsAsErAli-sejO-
1278,-pipAlsAfRInDAlYt-EksEs-bRnz-
1279,-DAflem@zDAEnAmiAvDAwIG-
1280,-tubRnwITWtsisIGtuflY-DErInlYzDAmarvAlAvjinyAs-
1281,-yulnEvRdIgEtWtAvDA@stRlYbrEri-
1282,-tuDAyAGAmErAkAn-hircrElswEr-DAp@tstufcrCAnarInumRAbAl-ItclopAn-DErIzInvIteSAnInDAErAndsAksEsInclhIzwYdhRYzAn-
1283,-hih@znotrAdISAnztubYndhImcrgYdhIm-A-AndhIzImpAlsIztubrekAwefrAmDAakyApeSAnhIzfaDRh@zfalod-AndmekAniuwefcrhImsElf-
1284,-DAmadAstfElowUdh@vwYt-femTrAstApanhImfcrsAmwRDiACivmAnt-ItmYtbifcrAbUk-wRfcIDAskIlfAlm@nAjmAntAvsAmgretnuzpepR-crfcrsAmdErIGEkspAdISAnlYkD@tAvlItInItstrencrdaktRken-
1285,-hiwazAnebAltudIsYdIgz@ktliwtItSUbi-
1286,-sAmtYmz-yuTcthiwUdbYktust@ndAndAkAnspISAspUlpIt-AndhAmblipriCtDAgaspAlAvrpEntAns-AndItivInkrcshIzmYndD@tItwUdbinobAl-tugIvhImsElftuAmISAnErilYf-tusAmbAnYtAdrijAn-wRDAdetpamgroz-AndDAnYtAngIlzvOs-IzIntr-AndDAbobAlsIGz-anDAcknYts-
1287,-wclsimtuhImwElInAf@zAsYAns-bAthinEvRkUdIskAvRApr@ktAkAlkeswRItApIrdtuhImwRTwYltugotulc-AndclDAklYAntustapwIDAsnuklRkAndDA@ntirumAvDArcabAsfwErhiwazrYtIG-fIlApInvEriAbli@dvYzd-tusEtAl-nom@tRhW-bAt-sEtAl-gretlituDAdIsgAstAvhIzEmplOR-hunuD@tjAstAsbItwinm@nAndm@n-kUdonlibiAtendbYDArEkAgnYzdprcsEsAz-wIDAtEndAdtfidz-
1288,-ItIzsACAnobAl@mbISAn-D@tItIzApItiIdh@zyuZAwAlisAC-AS@lofWndneSAn-
1289,-hiwantAdtubIgEn-@tDAtapAvDAl@tR-
1290,-fIlAvDErfcrEdIlAjAntliInDA@sktRlYbrEri-pl@ndlItREriwRksD@tSUdkAmpElAtEnSAn-AndnRsthIzjinyAs-
1291,-hih@dnofrEndwYzInAftutElhImtIsEptIntuDAdcrkIGkAnvEnSAn-D@nInsESAn-mekAskECAvDAmEn-AndwImAnanDApl@tfcrm-AndtekItuDAEdAntRAvDAdeligrepfYn-AndsiwAthiUdgEtAlYnfcrIt-
1292,-ovEriwElsEdgringoItRnIGAwewIDASedAvkAntEmpt-ilfYndI-IfyuargoIGIntulItRCRInuzpepAlwRk-D@t-yuk@ntAfcrdAkanSAnslYkD@t-
1293,-bAtsIlAbdIdAfcrdIt-Andhirot-TIGkIGhIzfrEndzAndIklwYnIGbIkczhisEdDApAlItAkAlskimwUdfel-And-ct-tufel-
1294,-AndhiwEntb@ktuhIzbUksAndtuhIzwetIGfcr@nopAnIGlarjInAf-fcrhIzdIgnAfYdEntrAnsIntuDAlItREriwRld-
1295,-wEl-YmgoIG@znInjAnIr-yukUdgo@zwAn-
1296,-yuk@nbIgInbYk@riIGAradAndprIGdWnDAfIgyRz-
1297,-nowUtsctyusun-
1298,-@vbAnrEditugoEniwErfcrsIksmAnTs-
1299,-DAtuyAGmEn-huwRbYDIstYmfUlAvDA@dvEnCR-wEntdWntuDAwclstritcfAsAvhEnrizAGkAl-Andh@dAtckwIDWtwYliapRetR-
1300,-DAnYtwazspEntInp@kIGApAnrYtIGlEtRz-fcrfIlApwUdnateksAC@nImpcrtAntstEpwITWtInfcrmIGhIzfrEndz-
1301,-wYItsAmAzrisAmwEr-anDAfrAnCIrYTIGk-wilgEtAm@p-
1302,-YwazAfredItwaznIrRhom-
1303,-hinuhIzAGkAlwIdbigl@dtuhirD@thih@d@tl@sthRndhIzTctstuApr@ktAkAlm@tR-
1304,-hiwElnuDApErAlzAvDAfrAnthir-DAs@vAjstetAvsAsYAti-DAlRkIGIndiAnzAndDAdenjRzAvTivR-
1305,-SiwaztYRdAvADRTIGz-
1306,-SitrYduDIsmcrnIGAndErcrtuApanDApi@no-seIGAsImpAlscG-InAswit-bYtslYtlimAt@lIkvOs-AndDEn-sitIGhRsElfbYDAopAnwIndo-rEdifIlApslEtR-
1307,-wEl-mADR-sEdDAyAGstudAntlUkIGWt-wIDASedAvImpeSAns-
1308,-YhopDetoldDAEldRzD@tfaDRInYRrAspansAbAlfcrDApi@no-AndD@t-mAC@zDilAvzmyuzIk-Di@znEvRInDArumwAtItIzpled-
1309,-YhRdfaDRtIlkAzAn@bAnRD@thiwazwIpsocfAnfcrwIslIGwEnhiwazAbO-D@thiwazdItRmAndtuh@vwAtkanmpAnseSAnhikUdgEtnW-
1310,-DYwezgretlitrYmiruT-And-clDYrileSAnz-
1311,-IzDYfaDRwIlIGDiSUdgoAwetuAskulAvDAwRldzpipAl-
1312,-Yh@vnat@skthIm-bruTrIplYdwIDAlUkD@tmYtImplY-D@tSiwazwAnAvDozdItRmAndlItAlbadiz-hufRstmedAphRonmYndAndDEnkAmpEldADRztumekApfErz-InAkcrdAnswIDhRz-
1313,-mADR-Y@mgoIGtusEdimEdAsAn-
1314,-markRtboltAn-clmostlcstfcrAmomAnt-hRhAbICuAlpAlsItIti-
1315,-istAdimEdAsAn-
1316,-d@zDYTIGk-DikUdst@ndItsIksmAnTs-
1317,-And-bIsYdz-sApozDAdAsAlRnmEdAsAn-
1318,-YwIlp@ktusEd-
1319,-wErDAAndYf@mAliarno-
1320,-IfYk@ngEtpeSAns-
1321,-ruTs@tkwYtstIlfcrAtYm-wIDfesIntEntAndflASt-ItwazWtnW-
1322,-DAsYtsyIrzrItRndInhYspIrAtsfrAmDAsIti-
1323,-ruT@sktDAInTuziAsIfDewUdbYtulYvInsACAsWndIGmozAliEm-wIDItsgrethclzAndEkwIGrumz-AndnokAmfRtAbAlplesInItfcrDAkamAdeSAnAvEnibadi-
1324,-AndDEnDErwazbrcdstrit-
1325,-DErzsRtAnliwaznoIntuIt-AndivInruTwazfIlAdElfiAnInAftubIliv-D@tAstritctnatuh@vEniEnd-crarkAtEktCRAl-OntApanwICDAwIriYkUdrEst-
1326,-lYtniDRsimdjRard-ncrbrcdstrit-niDRwAndRzAvDAmEnt-ncrDAglcrizAvDAhcl-wRDAgostsAvWRfaDRsItclwezsYnIGDAdEklReSAn-ImprEstDAvIzAtRzsomAC-@zDAsplEndRzAvDACEstnAtstritwIndoz-AndDAbargAnzanitTstrit-
1327,-IzDigoIGtuDAyIrlimitIGruT-@sktwAnAvDAgRlz-
1328,-Yh@vnATIGtuwErrIplYdD@tdImyIrpRsAn-
1329,-ItIzakyApYdmADRAlcGtYm-tufYnd@tDASapsDAIgz@ktSedfcrhRnubanIt-
1330,-AndDiwontgo-bYSUdY-
1331,-IfYgotumitIG@tcl-YlYkbEstusItInDAkwYAtoldhWsInjRmAntWn-crDAwIndozarclopAnAndYk@nsiDAtriz-AndhirDAstRAvlivz-
1332,-ItsACAkrAS@tDAyIrlimitIG@tarCtrit-AndDEnDErzDAroAvsliklUkIGyAGmEn-hulYInDAkRbstonAndsridAs@zwikAmWt-
1333,-iIzAntse-fYItsanDAfrAntIr-AndanDAm@p-EvriTIGbIandAdIzmarkt-IndiAnzAnddEzRt-AndlUks@zdEsAlAt@zAwAnsemitIG-wiC-ItwaztYmfcrhImtudusAmTIG-
1334,-IzhigoIGtusartAdelinuzpepRAmAGDAkIkApuz-
1335,-faDRDizAnjAstIvfIlAp-hizgoIGIntubIznAs-
1336,-hidAzAntseIgz@ktliwAtItIz-sEdruT-AlItAldAbiAsli-bAtItsAmTIGAbWtl@ndAndrelrodzAnd-DinozfaDR-D@tfcrCAnzarmednobadino@zIgz@ktlihW-InAnukAntri-
1337,-D@tfIlAphIzYAst-Andhih@zkth@lAntInAf-IfhiwIlstapskrIbAlIG-tumekhIzwe-
1338,-YA-bakswImAnarpUtIntu-mEZRdfcrIt-AndpUtIGyAG-IfwigoEniwErItsInAbaks-deldAmdpInyAndAndSAtInbYdIsAbIlAtiz-
1339,-wYSUdYrAsAndbistupAd-AndsIt-In@n@kSAnbIkczY@mAgRl-
1340,-AndIfYh@dAfcrCAn-wUdDiwantlitulEdAyusAlzlYf-
1341,-@zDAkAnsAltAdYmADRAbWtAkRIr-YsApozItIzAprIrDiwants-
1342,-bAtD@twYzIndpl@sAdwUmAnAndRstUdDAswitrAbAl-AgretdilbEtRD@nruTAndRstUdhRsElf-
1343,-ruTwazgl@dtuhirD@tfIlAph@dmedApUSAntuDAwRld-AndSiwazSUrD@thIzt@lAntEndkRAjwUdmekAwefcrhIm-
1344,-bAtDAmcrfcrgAtfAlnAzh@dDEnprIveldDAmcrpWRfAlwazDAfcrsAvrimEmbrAnswEnSiAwok-
1345,-mIsmIlnRzhElTIznatgUd-
1346,-sEdmIsIzhcrtAnAfyumInAts@ftR-
1347,-soDErIztumi@dAds@mpRtwIDAsark@stIksnIr-
1348,-AndyEtyumAstonhRbiebWRh@zwcrntuDEm-h@zItnatbInInDIspRtIkyAlR-InkohirAtAndAnAkWntAbAl-
1349,-natD@tYnoAvnatwAnmcrD@tYnoAvhirIplYd-wIDAstanISmAnt@twAtSih@dInsInyuetId-AndyEtwIDApRfIktIzSUrAnsD@tSiwazInDArcG-
1350,-pRh@psY@mIstekIn@nsRdSi-
1351,-tu@skEnimcrkwEsCAnzAvyuYbIlivwUdbiAnfEr-
1352,-hisimdtuwetfcrhRrIplYbAt@zSimenanhiprAsidAd-
1353,-omYlcrdkrYdmIswIdliwIDAmostfcrsAbAl@ksEnt-yuarDAl@spRsInIAnRIfSiwUdpardAnifcrIntrAstIG-
1354,-bAtInsACAkesDIsmonRzAlEkSAnAvAhAzbAndS@lnat-dREktmYn-
1355,-IfSidAznatnohWtu@ztAmethRonv@lyu-Ydu-
1356,-InDAbEnAntAvhRfcrCAnSih@zbyutituk@ptAvetDAhartAvEnim@nAndwIDavRfaliz-Sih@zAfr@GknAsInhRm@nR-@nAnAfEktIdwIsdAmInhRTcts-AvAs@vAtiInhRkanvRseSAnAndwUdDfcl-AvscftnAsIndhRdIminR-D@tmYtAlonEngejDAfEkSAnzAvAm@nAvDAnYsIstsEntAmAnts-AndDAstrcGgAstAndRst@ndIG-
1357,-mYlcrd-mIsmIlRztestIznatAdIprevdwAn-ItIzbAturAfYnd-
1358,-wAtk@nyuminbYD@tmIswUdli-yutckmIstIriAsli-
1359,-IzSinatAfredD@tYwIlfwcrthRInklAneSAnz-
1360,-AgEnhisRCthIzonTatsncrInIfEkCuAli@zbIfcr-
1361,-mIswUdliwaztulItAlvRstInDAsAbjIkt-tunoDIswUdh@vbInatulAv@tcl-@tlistnatuDAIkstEntAv-brekIGTruEngejmAntsAndclDAvErisabstAkAlzD@tstIl-mEdAgetAdAgEnstDEryunyAn-
1362,-turIlivhRfrAmboThiledhIzh@ndwIDfcrAsApanhIzhartAndsEd-tulyubIlivmi-
1363,-YwIlmeknoAnjAstyusAvwAtYnohirIplYdwIDfRmnAs-YbIlivIumYlcrd-
1364,-Yh@vnEvRyEthWEvRbInv@GkwIStbYDEmAnd-ivInApanDIsAkeZAnmYrizAnS@lkAmb@tDEmtuDAl@st-AndmYrizAnS@lfelmibIfcrYdurcG-
1365,-yEsdEdDizfcriyIrz-AndItgUdjabfcrhRtu-
1366,-wEl@zYseIts@nafAlkwIrwRld-Dekl@pclDAbRglRzAndInDAmRdRzInDAwYpbitRz-YclRstartAjEnAlriprufwIvbiInApAnISmAntfcrAwYppitR-kazhiprabAblih@zAlatApravAkeSAnD@tnobadinoz-AndDAfYRbAgzk@ntTIGkAvDArYtnemsAmDAGlYksEndiEriz-AndDAbrekRzAvDApisAndwAtnat-AndyEtDAlch@znATIGtusetuAmenlYkh@ndlcrd-
1367,-gr@ndfaDRwaz@lAgz@ndRdk@riIlEldidaktRAvlczD@tIz-
1368,-mIstRpapAmledWnhIzbrAS-
1369,-YskwentuAm@n-DAIj@kyulAtAdIfyunontwRkhardyukekipApwIDAtYbz-daktRAvlcz-
1370,-danhi@GdAnATIGhicrdRsInshiwazbcrn-
1371,-hikipzDADWSWtnatkAm@mAnsfRstreth@ndlcrdAzk-
1372,-higevAphIzpAzISAnAndSAtDAf@mAliApInD@tumAvAhWs-sonhikUdntstAdihIzbUks-
1373,-mIstRpapAmIks@jRetAdnATIG-bAtanDAkantrErilEftmAC-AnsEdInhIzn@rAtIvAvDAf@mAli@tDAhWsAvlcrdz-
1374,-hEnrilcrdwIDAdIgriAv-piej-didtuhIzkrEdAt-h@dbInprAfEsRAvzAwclAji@tAnuIGglAndkalIj-bAth@drIsYndhIzpostIndcrdRturYtAsIrizAvsYAntIfIktEkstbUks-
1375,-clwezIrAtAbAl-koldIndIfrAnt-hih@dgronr@pAdlimcrso@zyIrzwEntan-
1376,-wAtEvRApildtuhRsEnsAvbyutiwazturetwetr@nsfRdtupepRcrg@mvAs-
1377,-SiIzwYltunohWtuduTIGz-
1378,-SimeksEfRt@ftREfRt-trEmbAlIGwIDigRnAs-AndwEnSifelzturiprAduswAtSisiz-SiwRkshRsElfIntuAfrEnziAvgrifAndIsApOntmAnt-
1379,-wEnSikUdnatmekAr@bAtcrAbRdlUkrilanpepRSisRCtInhRfaDRzbUkspcRpIkCRzAvItsbonz-
1380,-sIroDErmAstbisAmbEtRweAvduIGYjAsts-SrcDA@tlYnAv@n@nAmAlAndD@tYpUthErzcrfEDRzanIt-Deh@vnobadiz-
1381,-DekUdAntrAnRmuvDErjAstpestbcrd-
1382,-hiwUdAntsRCsodontwRirIplYdsErokwYAtli-AndDAtulUk@tiCADRAndnu-D@tItwazso-
1383,-DEr-InDAsidRhalAdDEn-lYvtclAtlcrd-And@GgrirIzEntDAlItAlkriCRwedWnbYAfIrsEnsAvInjRi-
1384,-alAbsmcrnfAlbl@kYzmEn@nsizsparklIGbr@nlAnz-
1385,-n@nsizkRliCEstnatkrap-SonInDAsAnAndclAvzTIkbl@kpletslUkt-bl@kRbYkantr@st-
1386,-SiIzwAndRfAlmcrmwAndRfAlIndEnibAdiwivEvRsinEniwEr-AndSidrczbEtRD@nDAtiCRInCarlztWn-
1387,-SizanRD@nY@mbAtsotYniAnds@dAndSY-D@tSisimzlYkACYld-
1388,-n@tiharmAn-trYdDAkICAnhAmksikrItlisEvrAltYmztUrIGDAivnIG-fcrDAwctRh@dturAnAphIlclDAwefrAmDAwEltuDAkICAnsIGk-AndhibIlivdDIstubikAntInyuAlmErAkAlD@tmYtgIvWt@tEnimomAnt-
1389,-tunYtDErwaznonidAvEkstRhit-AndDErwRgretsErAmoniztubiAbzRvdInlYtIGDAfYRzanDAharTstonz-
1390,-DebIg@nwIDAwAnInDAf@mAlisItIGrum-kRnAlwilR-r@lfTRstAn-mIstCRAndmIsIzbIlharmAndwIDn@tiInrAfAs-mIstRAndmIsIzpapAmlAdIgbiAndl@lijO-clst@ndIGn@dmYrIGgrupsAndTrIlIGwIDdIlYt@tDAcrdRAvIvEns-
1391,-k@TlIGleAvDAtcrCtuAndfro@zSirIsYtAdsAmbyutAfAlYnzrItAnfcrsAmsACpRpAs@zD@twICkcldDEmtAgEDRdtunYt-
1392,-gRnfYRbRnTlIkRflIkRflen-
1393,-nEkstkemalAvztRndtuhElpInDAsErAmoniz-
1394,-rWlTRstAnh@dfWndAlYnAvl@tAnfcrDEmInhIzbIlAvdhcrAns-tubisplEndAd-pokAs-fcryuDAharT-fYRSYnz-
1395,-YlIph@dpIntAdDAmadoanAlcGnErop@nAlAvk@nvAs-AndgIvIGItumIstRpapAmstUdbYDAfYRsYdwYlhidEplifItAdItIntuDAplespripErdfcrIt-
1396,-clAph@dzAnADRlAvligIptfcrDAyElohWsEdmADRk@rirYzIG-Andtuk@riWtDAnEkstpartAvAprogr@m-wiS@lh@vtugoInprAsESAnApstErztumYbEtru-
1397,-IksklemdbIlharIntuhIzwYf@zDewEntTruDAlYtAdhcl-
1398,-entDeDA-gretAst-
1399,-mADRk@ripcrdkafi-n@nsiCcklAt-AndDADRzhElbsRvDAs@lIjIzAndkekdontatsAmtarts-
1400,-@tD@tmomAntDAjEntAlmAnEnRdbErIGAhyujAbjEkt-kAnsildbYApisAvgrinfEl-
1401,-AproCIGDAdYnIGtebAlhikErfAliplestDAartAkAlInDAsEntRAndrimuvdDAklcT-
1402,-TIGks@dAmYsElf-YnEvRsinEniTIGcspapAvgUdAdmEn-IfhitUkCaYmAndApAndgluInAf-soYk@ridDIslItAlfElRhomAnAbUSAlb@sk@twAnYtlEsmAp-AndYsktbIntAlEvInivnInspUthImtAgEDR-
1403,-mIsIzharmAndTcthis@GtumACAndtoldhRhAzbAndprYvAtliD@tIfhiwazAkAnEribRdSiSiwantkipAtebAlkAvRRIzEdmostuDAtYm-bAthiwazInlEnslipapyAlRwIDArEstAvhIzadiAns-
1404,-DAfesAvDAmAhargAniSonwIDdIlYtAndwYnat-wEnItwazduIGEvriTIG-clmostEvriTIGwIDInDIskopAvApi@no-AndyEtDAf@mAlih@dEnjOdwiksAvgUdnRISIGmilz-anwAth@dbInsevdbYItsIgzRSAnz-
1405,-wiSodWRYzDAflWRzbluman-rImRmRbAtDAkcrniRzfIl-wiCuzDAS@dobAtDAsAnD@tk@stIt-SYnzbIhYndAstIl-
1406,-lEGkTAvsRvAsfcrtinyIrzTrimAnTsAndfYvdez-
1407,-hisimdbcrntuplizwITWtbiIGkanSAsAvDApWRhipAzEst-
1408,-ItmAstbiond-AndnowAnwazmcrEditukAnfEsItD@nhImsElf-D@thIzlItREriAtenmAntswRbYnominzAvAhYcrdR-
1409,-widontspIntapsIzAfevRItseIGAmAGstartIlRicfAsRz-IndAketIGD@tDedunatSRkDErdutibYfrIvAlAspRsuts-bAtItmAstbikAnfEstD@tsRvAdD@kbiIGn@CRAliYdAl-wazvErimACgIvAnDAspInIGtaps-
1410,-wAnsIn@kSAnliwazlidIGAtAt@CmAnAvInfAntriTru@nIntrEnCmAnt-
1411,-sAmtYmzhuwUdwandRanfUtApanDAs@ndiScrAnd-sAmtYmzhiwUdEnjOrYdAlcGDAsAmAtAvDAklIf-cltAgEDRbiIGInohRi@tcltubrIGhIzt@sktu@nEnd-
1412,-nokATidrAl-@tivInbRgosItsElf-kUdvYwIDACRC@tmantmarCRA-
1413,-bEnzAfsmost@mbISAsdIzYR-waztuIndusDAk@ptAntugowIDhIm-AndEndhIzdez-InhIzmAClAvdhom-AndsoInsEsAntliwRsRvAd@ksIrzbIsijdwIDdIskrIpSAnz-AvDAnpErAlElbyutizA-nd@dv@ntIjIzAvDIs-etinT-WrAndisImAlAvpErIs-D@thikUdskErslihirDAnemAvmatmarCRA-wITWtAkanSAsTrIlAvAvRZAn-
1414,-wEnAprYvAtInDAekTk@vAlri-hih@dbInanDApOntAvkwItIGDAarmi-@twEntietyIrzAvej-bAtAnIkspEktIdlihih@dbInApOntAdcrdRlituk@ptAnsRvAd@k-
1415,-DAbandAvyunyAnDAsIfEktAdkUdnEvRbisEvRd-AndclDobEndzAfs-ACivmAntsh@dfErliRndhImDArYtAvhRtYRmAnt-hifRmlidIklYndclanRzcrEnipEnSAnD@tmYtparthImfrAmhIzsupIriRcfAsR-
1416,-YmYkAzm@stRhimednoprAtEnSAntuEnigIftAvpoEtIkpWR-bAthIzInIgzWsAbAlmEmRi-medhImAlIvIGInsYklApidiA-AndfcrhIzstakAv@nIkdotsAndtrupRztelzhiwazm@ClAs-
1417,-f@st@zhIzlEgzkUdk@rihIm-sRvAd@kh@dmedhIzwetuDAtapAvDAkwIf-
1418,-ItwazkwYtruD@nAv@sAlwazInsYt-hardlimcrD@nsIksmYlzfrAmDAScr-bAtoIGtuDAInkrisInDARTskAnvEksAti-AndDAkansAkAntImIteSAnAvDArenjAvIZAn-DArIgIGAvDAtapm@stsAlonwazvIzAbAlAbAvDAwctR-
1419,-IksklemdsRvAd@k-kipIGh@zYAnmuvd@thIztElAskop-
1420,-Sih@zAndRselbAtSiIzkWntAmASEftsyat-hiwazrYt-
1421,-IfDAkWntwRanbcrd-Astrenjvet@lAtiwazbrIGIGhImtuDAprEzAnsAvhIzrYvAl-
1422,-hirEkAndDErfcrnatonliApan@sRtenIGDAIkstEntAvDAlekAt@strAfi-bAtApanlRnIGItskaz-
1423,-DAwYndbiIG@dvRst-DAdobRInAdIdnatmekvErir@pAdpragrEs-bAt@zDAwEDRInspYtAvAfyuklWdzrImendkam-AndDAsiwazkwYtsmuD-SiwazEnebAldtuholdAstEdikcrs-
1424,-sRvAd@ktUkItfcrgr@ntAdD@tD@tAbrenAwazIndEvRIGtupUtIn-
1425,-AmEroC@nAlfcrmdAp@sAjTruDArIjAvraks-D@tprAtEktAdItfrAmDAopAnsi-AndwIC-ivInInDArAfAstwEDR-wUdInSUrDAkamnAsAvItswctRz-
1426,-slYtliCenjIGhRkcrsSifRststrAkhRmensel-AndIncrdRtufAsIlAtetDAmuvmAntsAvhRhElmzmIn-sunk@ridnATIGbAthRtutapselz-rEgAntinAndjIb-
1427,-k@ptAnsRvAd@khesAndtAwcrdzhIm-
1428,-YlEftyuanAkantAnAnt-AndhirYh@vDAhAnRAvfYndIGyuan@nYlAnd-
1429,-nEvRmYndnWIntRpostDAk@ptAn-wiwIltckAvD@tbYAndbY-
1430,-nATIGmcrD@nyunoyRsElf-
1431,-aryusRtAnD@tDIsIzDAmEdAtReniAn-
1432,-fcrsAmomAntshisimdpRfAktlistufAfYd-AndDEnrAkAvRIGhImsElfhibIg@ntuovRwElmDAkWntwIDAtcrAntAvkwEsCAnz-
1433,-tuclDizInkwYRizDAkWntrIspandId-InDAfRmAtIv-
1434,-sAmIstIriAsfcrsimdtuh@vbrctAbWt-AkAnvAlSAnAvDAElAmAnts-
1435,-yuwIltekmianbcrdkWntwIlyunat-
1436,-mYgathIz@tyRAsRvAsR-ivInSUdyurikwYRtumekAtUrrWndDAwRld-
1437,-DAkWntSUkhIzhEd-
1438,-bIfcrstartIG-ItwazIndIspEnsAbAlD@tDAEnjAnAvDAdAbrenASUdbirIpErd-tuselAndRk@nvAsonliwUdInkantrEriwIndzAndrAfsiz-biboTtidiAsAndIfAkAlt-
1439,-ItwazanDAl@stdeAvj@nyuEriD@tDArIpErzAvDAskunRwRkAmplitAd-
1440,-AslYtdImyAnuSAnInDAIksEsIvlihYtEmprACRwICh@dprIveldfcrDAl@stfyuwiks-wazDAonliApErAntCenjInDAjEnRAlcrdRAvTIGz-bAtwEDRDIswaztubiAtrIbyAtAd-tuEnicltReSAnInDARTscrbAt-wazAkwEsCAnwICwUdstIlrikwYRsEvrAldeztudIsYd-
1441,-dWtsnWRoz-AndsAmdIskASAnfalod-wEDRcrnatItwazdIzYrAbAlfcrbEndzIftuAkAmpAnihIzm@stR-
1442,-hRsigoIGkwalAtizwREksAlAnt-AndwUdh@v@mplisAfYstfcrAsRkAmn@vAgeSAnAvDAglob-
1443,-@ftR@nAprEntAsSIpanAmRCAntSIphih@dEntRdDAImpIriAlnevi-Andh@dclrEdiriCtDAr@GkAvlutEnAntwEnDAkWntApOntAdhImtuDACarjAvhIzonprYvAtyat-InwIChiwazAkAstAmdtuspEndbYfarDARgretRpartAvhIztYm-TruWtDAwIntRjEnRAlikruzIGInDmEdAtRemiAn-wYlstInDAsAmRhivIzAtAdmcrncrDRnwctRz-
1444,-DAletAstWndIGIvEntshWEvRh@drEndRdprokopm@nAf@stliAnizi-AndnatDAlEsofrAmhIzkanSAsnAs-D@tDAkWntsikrItlipartAkAvhIzon@GzYAti-
1445,-stimApAndk@nvAsprEdDAskunRstartAdistwRdz-
1446,-clDonliAmadRItbrizwazbloIGDAsiwazrAf-AsRkAmst@nstubiAkWntAdfcronlibYDAdImyAneSAnInDAfcrsAvDARTsAtr@kSAn-r@ndRIGDAlIkwAdparAkAlsobOEt-D@tbYDAmIrIfEktAvasAleSAnDewRk@ridtuAhYtDErwazkwYtAndprEsIdEntId-
1447,-fcrAfyumYlzSifalodDAlYnhIDRtuprAzumAbliakyApYdbYDAkostAv@ljIriA-bAtnol@ndApIrdtuDAsWT-
1448,-DAlcD@nDAkAmpAsDErfcr-wRebAltubikcldApantuduDAwRkAvDAsEkstAnt-wICh@dbIkAmAtRliyuslAs-
1449,-DErznofIrAvD@tsR-
1450,-@tDARTh@zAndWtIdliEntRdApanAnucrbAtbAt-SiIznatInkRIGEniprabAbAlrIskAvbiIGprIsIpItetAdantuDAsAn-
1451,-AndwAt-dEmAnstreSAnduyucfR-@sktsRvAd@kigRli-D@tItwIlnath@pAn-
1452,-oSAnrendsAprem-
1453,-clDAImAjAzAvhIzp@stlYflotAdApanhIzmEmRi-hIzTctspEdAwetuhIznetIvfr@ns-onliturItRnAgEntuwAndRwIDAvDAdEpTsAvoSAn-wUdrIvilEnitresAzAvDAajEriAnmAtrapAlAs-
1454,-IzItnatImpasAbAlhimRmRdAlWd-D@tEnisItiSUdIsApIrsokAmplitli-
1455,-wUdnatDAlcftiAstEmAnAnsAzAvDAsIti-@tlistbivIzAbAl-
1456,-AnADRsRkAmst@nswazmostrImarkAbAl-
1457,-tuDAsRprYzAvclAndAspESliAvlutEnAntprokop-DAlYnIndAketAdAbatAm@tAnIrliyunAfcrmdEpT-AvfrAmfcrtAfYvf@DAmz-AndclDoDAsWndIGwazpRsAvIrdwIDkAntInyuAslifcrmcrD@ntuWRz-ovRAkAnsIdRAbAlEriA-DAdIfRAnsIzAvlEvAlwRInsIgnIfIkAnt-natkcrAspandIGInEnidIgri-tuwAtwUdbiIkspEktAd-ovRDAsYtAvAsItiD@th@dbIntErAst-lYkDAsitsAv@n@mpfATiAtR-
1458,-yumAstsilutEnAnt-YSUdTIGkD@twiarnatsonIrDAkostAv@ljEriA@zyuIm@jAnd-
1459,-@ftRpandRIGAwYlhisEd-IfwiwRfarDRAwe-YSUdIkspEktufYndAdEpT-AvtucrTrihAndrAdf@vAmz-InstEdAvfYvf@DAmz-fYvf@DAmz-
1460,-ItsdEpTrImendInvEriAbAl-stIlfcrcr@tmostfYvf@DAmz-AndclDoItsbatAmwazAsIdwAslidrEjd-ItwazonlitupruvItb@rAnAvmRinprAdAkSAnAvEnitYp-
1461,-nATIGwaztubidAnbAtupUtAbWt-AndrItRnAndIsApOntmAntAwcrdDAncrT-
1462,-@tAnADRtYmh@rAld@skt-
1463,-wAtIzycrkAntriolcfh@vyuclwezbInATrcl-DATrclzYzfl@St-
1464,-tuhAndrAdwcriRzfistInhIzhclAndfalodhImtub@tAl-
1465,-DArEstAvyucfAvYkIG-hih@dTriSIps-
1466,-DizhigevtuTriAvmYbrADRz-
1467,-bAtYstedD@tsfr@GAnbIltmiAbWt-
1468,-YmedRfralitwEnticrzbIkczYTct-yumEnwUdfalomi-fcrYwazjyaGfIftinyIrzold-
1469,-@tDAprWYkarvDAhEdwIDopAnmWD-Andfcrkt-tAGTrAstWt-
1470,-YpentAdDAYzrEdfcr@GgR-
1471,-Dearst@nsoYsEdAnglErAndhIs@tmYfoz-
1472,-InDAstRnYkarvdDAtelAvclmost@thY@ztDAhEd-
1473,-DErSis@tanDArolRzIzfErSIp@zYEvRsc-
1474,-DEnYwIlgEtmiAfarmAwRwIntRInD@tl@nd-nWhuwRfalomi-
1475,-yuzbAtAbOddDEnsEd-
1476,-TRdimEnwAn@ftRAnADRrezdDErwcrnzAndstEd-
1477,-@zWRbotfl@SdWnDArolRzIntuDAwctRYmedIscGAnds@eIt-
1478,-sowihEridDAkostAvncrwe-
1479,-wietAtmEnimEnztebAlzanInvYtAd-
1480,-Ydr@gAnzbEli@znEvRfUl-AndanbcrdwEntDAgold-
1481,-oItIzbEtRAlYvanDAsinD@tADRmEnreZRkrapsAndkUkycrmilz-
1482,-AhWsmolzAsmok-ASIpsmIlzAvfralIk-
1483,-ApAndWnDAwctRwiwEntugEtmACwElTAndmACfralIk-
1484,-wAtAvDAfarmolcf-natyEtY@nsRd-bYkIGhIztbEtRfcrsAmR-
1485,-hiwazsodarkD@tYkUdsinATIGbAtAfyusparksanDAharT-
1486,-YstUdwIDmYb@ktuDAwcl-fcrYwantAdnoscrdriCIGWtAvDAdarkfcrmi-
1487,-kAmkAmYkcldwEnowAnobed-AfYR-
1488,-mYDEnl@dt-yEsAstEndihoz
1489,hi@kz@zDohiw@dnatIkspEktAdAs-
1490,-anAvEnCAnAfarkcrAwRAdAzAnpipAlhAdAldtAgEDR-
1491,-brIGInDAtebAlwiarhAGgri-
1492,-DATrczwRrIGIGInAgretpatAvmi-
1493,-DesEtApAkrenovRDAfYRAndhAGDApatApanIt-Andwis@dAndwaCtAt-vOlclwijokt-@tl@stDAsApRbIg@n-
1494,-DAfarmRs@tglumAlianDAbEnCAnwEdncti-Andyuk@natwAndR-fcrhisc@zpAtIGpatfAlzAvhIzgUdbiTAndb@skilotsAbrEdAndarbIgmWTs-
1495,-yuwUdnatiwIDAsyuk@natsenotuh@vAvmYel-YdrIGkDIstuycrhElT-
1496,-DEnYdr@Gkh@fAvDAwcrnfUl-AndsEtDArEstukrcsDAfYRtuDAfarmR-hitUkItAsmYldseG-
1497,-hudrIvRh@vsACAlcrdligEstbIfcr-YwEntan-
1498,-soYwIlgIvWtDIslc-D@tmYmEnS@lnEvRlivyuAlo-
1499,-hckInDErSAbiyr-kanstAntkAmp@nyAnfcrEndfarmR-
1500,-hiS@lnatlivyudernYt-wIDyuwRwRkIGcrpleIGcrslipIG-
1501,-YnemdnYnADRzAndsEd-
1502,-AndDizS@lfaloycrTrclzInDAsemwe-
1503,-tuYsEtgardzovREvriwAnInD@thWs-
1504,-sonotelzgatWtuDAnebRzbIsYdhErwazAlonliplesInbYgUdlAknowAnkemnatwe-
1505,-DErYzd@nstbIgpcrlistUdApAndstrECthImsElf-
1506,-YmstIfwIDlcGsIthisEdY@CfcrcfYt-YtRndtuDAfarmR-
1507,-DIsIzaRl@stfistwIDyuYsEd-
1508,-bYDAbIrdAvodnakrYdyuh@vtekAnWRjoklYkAm@n-
1509,-mYmEnpWndAvDAtebAlwIDErfIsts-
1510,-bYDAh@mRATcrSWtAdgrum-DErIznostEnjikWR-
1511,-hirfrEndtekIt-D@niTrAstIntuDAfarmRzh@nd-
1512,-meyudrIGkhartsizfrAmItfcrmEniyIrz-
1513,-AndwIDItYlivycrnemzsIftDAfrEndli-YS@lhoptudrIGkwIDyusAmtYmAanvalhalA-
1514,-h-hirIzArIGprsIftDAfrEndli-AndhirIzAbrYslAtAnAscrdwUdnatbiASemdAh@GItRsYd-
1515,-YtUkfYvgretbresltsAgoldfrAmWRtrEZRCEstAndgevDEmtuhIm-
1516,-D@tIzDAbEstwejzsYdDAspIrwIlclwezpOntsAmwEr-AndwAnTIGIz@zgUd@zAnADR-
1517,-D@tYm@tpOntsIntuycrfaDRSIps-
1518,-hirDesEd@zAr@skAlhuzbInhEriRkosts-
1519,-wisAGkASIpAndmEnD@th@mwibrctuyu-
1520,-ArabRfYkIGsEvdAkIGAndhiskWld@tmi-
1521,-yEsAndwIDclycrfIGgRzItUkyuAyIrtAk@Cmi-DAkIGfrWndmcr@GgrAli-
1522,-tekhImWtcrkAlAndlEdhmtestyRscrd-
1523,-ycrmADRDAkwinwazst@ndIGbY-
1524,-nWSipUthRh@ndanhIzarmAndsmYldAndsEd-
1525,-AndwUdhinatbiAgUdyEfarbebi-
1526,-ycrfaDRTctAmomAntAndlUkt@tcrmADRAndsmYld-
1527,t-saftharthisEdjEntlituhR-DEntutcrkAl-wElEdImgotcrkAl-
1528,-dEnhitRndtumiAgEnfrWnIG-
1529,-bAtyAGSarptAG-nWDAwivkatyuwIlpUtyuIntuAtr@pD@tyuk@natgEtWtAv-
1530,-soYlYvdAndnWYmycrtuTrcl-wElItIzDAlAkAvwcr-
1531,-ItwazwAnAvDAm@stRl@nCarmIGstcrizAvdImarDAEldR-
1532,-IfYvmInAtsYwazInAnuwRld-AndmYmElAnkalirumwazfUlAvAlYvliAstfrEnCkAmpAni-
1533,-DAsWndAv@nImpErAtIv@nankamprAmYzIGbElrIkcldmiIndutYmtuDArijAnzAvri@lAti-
1534,-@mbrozmEtmetDAbatAvDAstErzAndSodmiDAwetuDAsApRrum-
1535,-SisYndtumiwIDAgoslislImnAti-tutekDAvekAnples-anDAlEftAvhRfaDR
1536,-DAdcropAndAgEnwYlYwazstIlstAdiIGDAtubrADRz-wITWtYanAstlikAnsEsbiIGgaErdfevRAbliImprEstbYiDRAvDEm-
1537,-AnumEmbRAvDAf@mAlisrkAlhuInstAntliAtr@ktAdmYAtEnSAn-EntRdDArum-
1538,-AlItAlkr@kt-D@tInDApapyAlRfrezazmYImprESAnAvDAstrenjRhunWmedhIzApIrAnsInDAsApRrum-
1539,-mIstRmEdAkrofDAEldR-h@vIGnatspokAnwAnwRdDAsfar-hImsElfIntRdusD@nukAmRtumi-wIDAsYgl@ns@thIzsAnz-wICh@dsAmTIGlYktufYnsIndIt-Agl@nswIC@zYwazsaritunotAs-wazrItRndwIDAdIfYAnsanDErsYdbYDA-tuyAGm@n-
1540,-vIlAblAfr@G-DIsIzmYovRlUkRmIstRyagosEdDAoldm@nfcrmRliprizEntIGAs-
1541,-IznatwEl-yEzkAmovRDAoSAnfcrEst-AndCenjAzsi-
1542,-nAsyicgoIzInAmErAkAnfIlAp-
1543,-mekAgwenAnzwIDmIsjiago-sIptAgEDR-
1544,-DepOntAdlidrub@kfrAmjanyago@zhiAproCtDAhImptiCErnEkstmiAndruvrWndtuDAapAzAtsYdAvDAtebA-
1545,-AprItigRlwEnsAfar@zYkUdjAjbYApIrAnsAzAgUdkRltu-dIskrYbIGhRjEnRAliYmeseD@tSih@dAsmclhEdwElk@ridAndwElsEtanhRSoldRz-fcrYdgreYzD@tlUkt@tyuanAstliAndmEntwAtDelUkt-AtrImslYtlItAlfIgyR-tuslYtfcrWRIGglISnoSAnzAvbyuti-AstrcGAmErAkAn@ksEnt-AndrErTIGInAmErAkA-AplEzAntlitonvOs-wICmedDA@ksEntAvgreAbAltuIGglISyIrz-
1546,-WrfRstImprESAnzAvpipAlarInYnkesAzWtAtEn-DArYtImprESAnz-
1547,-fcrwAnzIAweYbruvdAtruprafAt-
1548,-DAonliCIrfAlkanvRseSAnwazDAkanvRseSAnAkrcsDAtebAlbutwinelmiInmi-
1549,hilUktApAnWmidWtIGlYfmIstple-AndlUktWtAgEnstsloliwIDAfrWn-
1550,-wEnYAdrEsthImhi@nsRdkAnstrenAzli-
1551,-AmcrdrIriAnmcrdIsyunYtAdf@mAlipartiYnEvRs@tAvtebAlwID-
1552,-EnvihetrAd-m@lAsAndanCarAbAnAs-crnEvRsoIsEnSAlidItEstAbAltumYmYnd-@zwEnDear@nAmetAdbYDAsEnsAvprAprYAtiAndwRkAntRDAsRfAs-bAtfcrmYIntrAstInDeomiAndmYADRIntrAstInDAlItAlAvlUkswICYnWAndDEnsRprYzd@sktGbItwinhR@n@mbroz-YSUdnEvRh@vs@tTruD@tsApR-
1553,-YwISyugUdnYt-SiledhRbonih@ndzanDAb@kAvmIstRmEtAkrcsInvAlACEr-kAthImScrtInhIzfErwEls@lAteSAntumi-AndwildImWtuhIzbEd@zIfSiwRwilIGhImWtuhIzgrev-
1554,-yuwRkwYtrYtusenoEmbrEzbIg@n-nEvRsmokwIjaniago-IzsIgarzAwIlpOzAnyu-
1555,-DAonliSUkhRfcrfIGgRriproCUlfi@tDEm-@zIfDAtustRdiyAGfarmRzh@dbIntuCIldrAn-
1556,-sYlAslAGkAwewITWtAwRdAvprotEst-@mbrostUzgrWnd-EvAdAntlimEntanDehIiGIzpiswInomibIfcrhilEfthR-siIGD@tYwazInDAwe-YwcktAsYdtAwcrdAgl@stdcrdDAloREndAvDArum-
1557,-ItIzm@nAfEstAm@nIznWsAbjIktumACvEriAbIlAti-
1558,-soItIzwIDAloR@nAmAlz-
1559,-DAvEriAbIlAtiAvmAltApAlparts-
1560,-bAtDIsAbjIstwIlbimcrprapRletAsgAstwuitritAvDAdIfRAntresAzAvm@nInkYnd-
1561,-IfEksAvDAInkristyusAndIsyusAvparts-
1562,-C@ptRsEvAn-anDAresAzAvm@n-
1563,-IndItRmAnIGwEDRtuAmcrAlYdfcrmzctubir@GktuspiSizcrvRYAtiz-n@CRAlsRpr@ktAkligYdAdbYDAfaloIGdAsIdReSAnz-nemli-DAmWntAvdIfRAnsbItwinDEm-AndwEDRsACdIfRAnsIzrIletufyucrmEnipOntsAstrAkCR-AndwEDRDEarfIziAlajIkAlImpcrtAns-bAtmcrAspESliwEDRDearkanstAnt-
1564,-IlEvAnAklakh@dstrAk-ItwazAfYnklIrnYt-DErwRDAonlipRsAnzanDArod-AndDescntIdlizRliAlcG-tuvOdpeIGDAprYzAvfAtigfcrDArEkReSAn-prAvYdAdfcrDAtAlidAnzInDAv@li-cranDAb@GksAvDErIvR-
1565,-sIkyUr@zhiTct-AndDAkErfAlh@dvInAstreSAnAvjAstAsInD@tsIti-AndDAkErIktRAvItswEldIspozdInh@bAtAnts-DAgUdh@d@lgowazfarfrAmTIGkIGD@nEnidIz@stRkUdbIfclhIzf@mAli-
1566,-rIdalfAlAnhIzkAmp@nyAnz-wIDhRfesAzmAfAldInDErkloks-stErdArodli@ndInsAlAntli@tDAmADR-DAdcdRAndDAsRvAntme-
1567,-InAmomAnthikAmyunAketIdhIzTctshIskAmp@nyAnz-AndInDAnEkstmomAnt-DerizalvdtutRnb@kAndk@riRcftuplizwIdcl-fcrDArIC-huaropAnh@ndAdclwezfYnpErAsYzrEdituEnkRIjDErb@dprApEnsAtiz-AndDAstukAnsivDIswIkAdIzYn-tukAmyunAketId-ApruvItrizAlvanr@vISInliokediA-Andtuk@riD@tdIzYnIntuIfEkt-wazDAwRkAvAmcomAnt-
1568,-DedruDErscrdzhIdDERfesAzInDAfl@psAvDErkloks-tRndb@kAndsunkemInfrAntuDAlItAlparti-huh@dnatyEtdAngEtIGT@GkstugadfcrDErIskep-frAmDozAlAdeSAsmEn-
1569,-fYnAliDAwAnpartiwEntcfIgzcltIG-AndDADRwazlEftIndIsAleSAn-AndwIl-
1570,-ridAlfRYvd@thIzonhWswITWtEniImpEdAmAnt-AndliukediAspErAnsriCtDErzhartbrokAnAndIspErIG-
1571,-minwYl-rudAlfAlh@dlukediAsefInAskAsAti-AndInhIzonApartmAnt-
1572,-kAtACAsmi-@mYImbEt-
1573,-mADR-duycrfaDR-duyuhirmi-
1574,-ItIzDAonliImEnzY@skAvyufcrDArcGyuh@vdAnmi-
1575,-SifWndDAdcrbAtItwazlaktWtsYd-
1576,-hisAksidAdInopAnIGDAwIndo-AndDAmunlYtSonInsobrYtli-D@tSikUd-dIstIGgwISDAkAlRAvsAmd@mAskh@GIGInDArum-
1577,-SiscD@tDAbEdwazgIldId-AndsorICD@tItsimdD@tAvAprInsAb@DD@tAvAprYvAtjEntAlmAn-
1578,-AmAGADRTIGzAn-wICSik@sthRYzwazAsmclkrusIfIksAvsalAdsIlvR-st@ndIGanAk@bAnAtnIrAwIndo-
1579,-DIspRsAnwazrIdAlfAl-wIDowih@dgcntulUkfcrhIzfrEndzh@dCenjdhIzmYndInD@tprIspEkt-natTIGk@GItAdvYsAbAltuAkwentDEm-bAtwAth@dp@stbItwinhImInDAgRl-
1580,-anDAkantrErihirizalvdtutElDEm-D@trIpEntIGAvhIzvYAlAns-AndmuvdbYAtErsih@donlik@ridhRh@fwetAwcrdhIzhWs-AndDEnlEtRgo-
1581,-CokIGwIDImoSAnlukediA-medAsYntuhRpErAnts-D@tSiwIStubiAlonwIDEm-
1582,-D@twIdbivEriwElmYCYldrIplYdhRfaDR-Ifycrpl@nwEnatlYAbAltubifrAstretAdbYcrdAnEvikAnIG-AtnodWtDIsImASh@vInclrEdimIstbYhIzonR-AndhiwIlh@vsEtItdWnfcrsRtAn-D@tIiwaztekAnWtAvDArumbYDApRsAnhilaktApDEr-
1583,-wAtyuh@d-bEstdumYCYld-IztukipIt-AndpretuIt-D@tsInzItwazAwItnAs-tuycrAnduIG-ItwIldentuvEndAketycrkaz-bYItsrYCAsjAjmAnt-
1584,-DAstIDAshyumenAndrYtmYndAdfaDRkAmfRt-hIzAnh@pidctR-AndhRmADREmbresIGhRAgEn-dItclSikUd-tusuDAfilIGz-
1585,-SiminwYlp@sthRlYfwIDhRpErAnz-InDAstrIktAsturItYRmAnd-nEvRlEtIGhRsElfbisin-bAtSAnIGEvRiYlIstIdSUdrEdhRmIsfcrCAnInhRfes-
1586,-tYmroldan-DAWRAvhRdIlIvRiRYvdItUkples-IndDAakmAsikrAsi-hRmADRtekIGApanhRDAcfAsAvmIdwYf-@zSigebRTtuAsAn-wAnAvDAmostbyutAfAlEvRsi-
1587,-wEnDAbOwcktuDAstrits-blEsIGzwazSWRdApanhIm-bYclhuschIm-blEsIGApanhIzbyuti-ApanDAmADRD@tbcrhIm-ApanDAfaDRD@tbIgathIm-ApanDozhubrcthImhatsowEl-
1588,-wAndewEnDAbOwazsEntbYhIzgr@ndTatR-wIDAmEsAjtuArileSAn-hip@stAlcGAstrit-AndwIStwazAgretkankcrsAvhcrsmAn-
1589,-DAbEdSituwElrImEmbRdwazDEr-AndAbWtclDAk@bAnAt-anwICh@dstUdDAImAnSih@dtekAnAwe-wastIlanDAsemspat-
1590,-luIswazWtAvdenjRAnAfcrtnYt-InAmAnTyurozfrAmhIzbEd-AndruIGclD@tYm-hiwazvIzAtAdelibYhIzmADRAndgr@ndmADR-AndtritAdbYDAm@stRAndmIstrAsAvDAhWs-@zIfhiwazDEronCYld-
1591,-DAseIG-AndprEsIGDAkrusIfIkstuhWRbrEst-SifElfentIGIntuDAarmzAvdcnAIztAfAnyA-huh@zAjEntAlwUmAn-tuhusEkspItiIzAn@CRAl@zkrulti@ztum@n-InstAntliprEsthRlIpstuDozADAfentIGgRl-SEtIGovRhRsomEnitErz-D@tDErnidAdnoADRsprIGklIGAvwctRturIkAvRlAokediAfrAmhRsum-
1592,-Yh@vkwitTIGztutElyusinycr-sEdanAstufYndy@tuhRhAzbAnd-DAkrimAndsAbstAnz-AvwICIzDIs-DAfentIGgRlbIfcryu-IzycrdctR-AndDAbOIzycrgr@ndsAn-
1593,-DIstruT-wICYh@vlRnIdfrAmhRlIps-IzkAnfAmdbYhIzfes-InwICwiAboTbEhAldD@tAvWRsAn-
1594,-jAstDErliokediAkemtuhRsElf-AndEmbresIGDAkrcs-simdCenjdIntuAsiAvtErz-AndDAjEntAlmAn-rImenIG@n@tRbIwIldAmAnd-AntIlhIzwYfh@drIpitIdtuhIm-frAmbIgEnIGtuEnd-lokedAsholdstcri-AndhibIlivdIt-TruDAblEsAdIspAnseSAnAvhEvAn-wICh@dkAnfRmdIt-bYsomEnikAnvEnsIGtEstAmAnIz-
1595,-sopRswesAdwErhREntritiz-AndsostrcGrASUrAnsIsD@tnohrmwAtEvRkUdrisaltuDEm-frAmDAInflAmeSAnSisct-DewRIntdustukAnfEs-D@twAnsAmRznYt-DAsemSi@dvEnSAn-DEmsElvzInAnADRfrEnd-biIGWtanDAstrolAndhRdalfAl-Deh@dbInkAnsRnInDAdakSAnAvAgRl-humwrRdAlfAlkEridcf-wazDArEstAvDEmdItenhRf@mAli-humedAgretWtkrY-AndwUdh@vdIfEndAIthRIfDekUd-
1596,-fcRgadsekmYledimADRgIvmiAwYfhurwUdbiInAgriAbAlkAmp@nyAn-natwAn-huwIldIsgAstmisoD@tmi-meboTbErivAnliAndwIDmyuCAwAlgUdwIl-DAyokImpozdtAmAstbYhEvAn-AsEtAvpUlIGDIsweAndD@twe-AndfrEtIGiCADRdtudET-
1597,-hRbErIGwazgresfAlIn@nAmetAd-SilEdhRsAnbYDRh@nd-AndbIfcrhRwcktumedz-wIDw@kslYtsAndsIlvRk@ndAlsIks-
1598,-clroztu-duhRrEvRAns-@zIzsAmTIGfrAmhEvAnh@dmRr@kyAlAsliApIrdbIfcrDEm-bAtgesIGanhR-Andtr@nswID@dmReSAn-natwAnAvDEmwazebAltu@drEsAsIGgAlwRdtuhR-
1599,-SirAflEktAd-hWnIrShistUdtuDAkrYsAs-wICwaztudAtRmAn-wUD@zSiwaztubiblEsIdcrAnh@pifREvR-RAndr@ktbYDAIntEnsAtAvhRImoSAnz-sisAdAnliCenjdkAlR-hRh@draptAnzSifElfcrwRdInAswumIntuDAarmzAvDAdIsmedAstAfAnyA-
1600,-hIzmADRh@dlEfthRtuhIm@zbiIG-hRdIstAntprAtEktR-R-bAtwEnCSiscD@thituwazInsEnsAbAl-SiwaznIrmekIGATRdAndwUdh@vdAnso-h@dinatkAmtuhImsElf-
1601,-noDEn-sAnavmYhart-D@tDIsfentIGlediIzycrilbrYt-Yseril-bIkczSiIzDAwAn-humyufaDRAndYh@vCozAnfcryu-AndDApcrtrAt-wazApritAns-
1602,-jAst@tDAmomAnt-wEnDAtErzAvDApItiIGbIholdIzflodf@stAst-AndDErIj@kyuleSAnzwElmostIksprEsIvEltdIspEr-DAkediAgezsYnzAvrIkAvri-Andbrctb@kgl@dnAstcuDAhartsAvcl-
1603,-wEnSikemtuhRsEnsIz-AndblASIGtufYndhRsElfIndwRdalfazarmz-wUdh@vdIsIngeSyRsElf-nosEdnycrA-hisEd-D@tmAstnatbi-strYvnatuwIdrcfrAmDAhAmz-AvhImbuholdzyuInhAsol-
1604,-DIswazdAn-fcrDAIvEntUkples@tAtYm-wIDAkAnsEntuvDApartizwazsAfISAntfcrDAsElAbreSAnAvAmErIj-wITWtEniAvDAprIlImAnErifcrm@lAtiz-wICYnWsoprapRlirikwYRd-
1605,-ncrwaswRdaAfAlEsRprYzdDEmde-AndAbEtRtuASUrhImsElfhsowAndRfAlIfEkt-hibEglukediAtugIvhImsAmtokAn-wICSUdmekpRfAktliklIrtuhIm-D@twICIndidhidIdnatdWt-sInsItwazcTEntAketAdbYhIzpE@nz-
1606,-yunok@ptAnlek-
1607,-sEdlcrdSElfRd-YdrEsIGmi-
1608,-hih@dhIzh@ndApanlekSolzR-
1609,-DeErkAzAnzyuno-wiarclkAzAnz-
1610,-wAtEvRlcrdCElfRdsEd-mIsbrEndAndrAsivdItvErigreSAsli-AndivInwIDAmomAntErismYl-
1611,-bAthRgritIGtuk@ptAnlik-wazmcrD@nyuZAwAlihctiAndfrozAn-AndhRfiCRzYf@nsid-partIkyAlRliprWdAndpel-
1612,-YdInRlekwaz-iziAndAmyuzIG-
1613,-Ymgl@dyudlYkItsEzwarldR-CSAklIGbAnIgnAntlianIt-ovRhIzSoldR-
1614,-YbIlivYh@vAlItAltestD@twe-Dozarclrilyuno-DozjuAlz-
1615,-AndhiplestItInD@tjEntAlmAnzfIGgRz-hunWtUkhIztRnDAl@mp-AndkantAmplet@dDAlItAlpWrAlElAgr@mwIDAglimAvslYAmyuzmAnt-
1616,-YwazTIGkIGItsvErilYkDAesAvharts-@nsRdDAk@ptAnscftlismYlIGan-
1617,-wErApanlekl@ftkwYAtli-stIlUkIGanDAesAvhartswIDhIzslYz-
1618,-AndwYldRlEftu-mcrsAdAnliAndnOzAli-DEnDAhyuarAvDAjoksimdkwYtAkclfcr-Andgl@nstAgrImlUkfrAmDAkcrnRzAvhIzYzAnlik-bAtDAg@lAik@ptAndIdnatsimtupRsivItA-nd@ftRAfyusEkAndzmcrhih@ndAdItvEriInAsAntli-b@ktumIsIzdarTi-onlirImarkIG-
1619,-duyuno-lek-o-YrIlik@ntEl-bAthilsuntYRAvkAntrilYf-
1620,-hiznatAm@nfcrkAntrikwcrtRz-
1621,-Yh@vhcrRdrimAbWthIml@stnYt-D@t-
1622,-oYno-D@tslcrnbr@ndAn-
1623,-clDAtYmhiwaztckIGtumi-hIz-emrilItAlYzwRfaloIGlik-
1624,-mIsletdIklYndDAk@rIjtunYt-
1625,-Andhi@dAdsAmTIGstIlEskamplAmEntRi-
1626,-bAtdonktDizvEriwYzTIGzsAmtYmztRnWtvErifulISli-
1627,-InDAmintYmYh@dfcrmdAnuYdiAvhR-
1628,-bYDIstYmlcrdjElfRdAndwYldRrItRnd-And-dIsgAstAdr@DRwIDmYsElf-YrumAnidAdanDYwantAvjEnRAlSIp-
1629,-AndhimedAlItAldIpAvhIzkentAwcrdzbr@ndIndhcl-ovRhIzSoldR-
1630,-y@sktsoDesEd-bAtD@twUdYTIGkh@vbInwRs-
1631,-IfAfElozbInAlItAlbItwYldhiIzbicldzAbAv@twAns-
1632,-braptInzAvErigUdfEloYk@nASUryu-
1633,-YdontnoAnk@ntsehWyufYndjEntAlmIntufYndwIkAdnAs-onli@z@nAbskyUrfimel-YspikAkcrdIGtumYlYts-AndhiIzjEnRAliTct-DAwIkAdAstm@nInDIskWnti-
1634,-wYlyunorEdi-wImIn-lYkwIkAdfEloz-ItIzkantr@stYsApozbAtDedu-AndYmSUrfrAmwAtbraktAnh@zsEdtumi-YnohImIntAbAtli-D@tdcrkIzlYkshIm-AndYk@ntkAnsivwYDearnatmErid-
1635,-DErwckAntInyudsYlAntfcrDAgretRpart-niDRwazkwYts@tAsfYdwIDADR-bAtreCAl@tl@stsEd-
1636,-nWD@tsImpasAbAlredi-fcrYvrIlidontTIGkYwAnsTctAvhIm-clDIsivnIG-IksEptjAstmaliwRtckIG-
1637,-DErwazAbrYtnunYt-brokAnbYDAS@dozAv-ovRh@GIGbWzAndwIDRlivz-AndDAmadAlYtsAndS@doz-glYdIdadliAkrcshIzpelfiCRz-
1638,-dontInsAltmist@ndlibYtckIGAg@nIjudIdDIsmcrnIG-
1639,-wAtYsdiIzcltAgEDRanycronAkWnts-
1640,-markmYwRdz-yulfYndhImtustrcGfcryu-YAndtudip-
1641,-Y@mvEri@niziAbWtItwAtEvRItIz-Yk@nthElpIt-
1642,-tumYmYndDErzclwezbInsAmTIG-InEksprEsIbli-afAlInf@mAlifyudz-
1643,-DAmIstRiAvDErcrjAn-DErkAp@sAtifcrIvalvIGletAndb@kAltizAvkrYm-AndDAstAdivYt@lAtiwIDwICDesRvYvdDAhRs-AndspikDErdipmWDkmIlIgnAtizInEvRinubcrnjEnReSAn-h@vAsosidIdDEmsAmhWInmYmYndwIDAspElAvlYf-IksidIGAndIstIGkt-fcrhyumAnAndDAspESAlsit@nIk@kSAn-
1644,-DAfcrmwRD@nEniTIGElsSodDAgretejAvDArum-
1645,-mYb@dwaz-AnIksEpSAnAlblikAmfRtAbAl-ct-InmYDEnmud-YkUdh@vwIStItAgretilmcrmadRn-
1646,-ItskRtAnzwRAvTIkAndfitAdt@TAstri-
1647,-clDAfRnICRbIlcGtuADRtYmz-
1648,-YS@ntrAbAlyuAbWtmYtrenAvTctscrf@nsiz-AYbIg@ntufilvErilYkAjEntAlmInInDAgoststcri-waCIGIkspErAmAEntAliInAhcntAdCebR-
1649,-YdIdnativIntekDAprikcSAnAvsmokIGApDACImni-
1650,-YboldlilYtAdmYCrut-
1651,-AkoldprYtmunwazSYnIGwIDklIrSarplYtsAndS@doz-
1652,-DAsambroldtriz-lAjYg@ntIkhRsplumz-bl@kAndafAl-
1653,-sAmhWYh@dgronRvAs-
1654,-AlItAlbItAvpl@stRtAmbAldWnDACImi-AndstartAldmikAnfWndAdli-
1655,-ItwaznatvErimACp@stAlEvInD@tmcrnIGwEnDAponik@rIjfrAmbr@ndAn-druApbIfcrDAlItAlgardAnwIkAdAvrEdmAnzfarm-
1656,-wElSiwazbEtR-DoSih@dh@dAb@tnYt-
1657,-soDErkemAstEp-AndDAlItAlrAslIGAvDEmAnInjRibriz-DAsmcldcropAnd-AndreCAlEntRd-wIDhRh@ndIkstEndAd-AndApelsmYlAvbElkAm-
1658,-wImAnk@nhYdDErpenbEtRD@nwimEn-AndbErItbEtRtu-IksEptwEnSemdrapsfYRIntuDAdrEdfAlC@lAs-
1659,-bAtpUriCAltlik-h@dmcrD@nD@tstoIkAlh@dpakRAsi-wICEnebAlzDAtcrCRdspIrAtsAvhRsEks-tulIftApelfesTruDAflemzAndsmYl-
1660,-DIstr@nzItsprIGAndletIGApWRbyutAfAl-Agl@mRbigYlIGWRsEnsIz-
1661,-DErwazsAmTIGAvswitnAsAndfctdnAsInhRtonzAndm@nR-wICwaznudAreCAl-AndkAmfRti-AndSirItRndDAgritIG@zkYndli-AndfEltmcrlYkhRfcrmhRsElf-
1662,-reCAlzpelAndSarpAndfiCRzAndYledIdY-strAkhRwIDApenfAlsRprYz-
1663,-yuh@vbInso-IlmYpUriCA-
1664,-IlAndtrAbAldIr-trAbAldInmYndAndmIzRAblinRvAs-
1665,-pUriCAlhRdneCRwRkOldfrAmdIsit-AndSitold@tclIvEnts-@zmACAvDAtruT@zSidErd-
1666,-SispokwIDAsAdAnEnRji-wICpartUkAfIrAndp@SAn-AndflASthRTInCik-kAndmedhRlIGgwAdYzfl@S-
1667,-T@GkyureCAl-mYkAzAnreCAl-mYonlifrEnd-
1668,-CIlfRth@dAnotfrAmIstRwcldRDIsmcrnIG-AnADRnot-hIzkAmIGdIled-AndsAmTIGAvhIzh@vIGtusisAmpRsAnhuwazAbrcdkAntInyudjcrkAs@ftRAlItAlpcz-
1669,-yEssAmTIG-EvriTIGsEdreCAl-hRidlilUkIGfrWnIGli@tAflWRwICSiwaztwRliInhRfIGgRz-
1670,-yEs-sEdrijAl-
1671,-AndDAwan-crAkAl-h@vIGspokAn-Sis@tdWnInDAsemscrtAvAbstr@kSAnAgEnbIsYdcrkAs-AndSilUktfulInhRkAzAnzYz-
1672,-AvmarkwYldR-YsetDIs-hIznemh@zbInfcryIrzhetfAltumi-AndrizAntliIth@zbIkAmfrYtfAl-AndyuwIlpramAsmisImpliDIs-D@tyuwIlnEvR@skmituspik-AgEnAbWthIm-
1673,-ItIz@n@ntIpATi-And@ntIpATiYk@natgEtovRdIrdcrkAs-yumeTIGkItAm@dnAs-bAtdontblenmi-
1674,-Yh@vErifyutulAvminW-AndYTct-yumYtlAvmi-@z-Yh@vbIgAntulAvyu-
1675,-AndSiTruhRarmzrWndhRkAzAnznEk-kAndbrevriCAl@tlAst-bRstIntutErz-
1676,-dcrkAs-InhRstrenjwe-wazmuvd-
1677,-YlYkyustIlreCAl-YmSUrYlclwezlYkyu-
1678,-yurIzEmbAldnireCAl-yuarfIrlAsAndInflEksAbAlAndjEnRAs-
1679,-yEsreCAlYdulAvyu-
1680,-T@GkyudcrkAstIr-
1681,-hibIg@nAkAnfyuzdkAmplentAgEnstDAwIzRd-huh@dv@nIStbIhYndDAkRtAnanDAlEft-
1682,-kIvnatsoRnAstAmYndtuDizmAmRizCYld-
1683,-AgoldAnfcrCAnAndAh@pilYf-
1684,-hiwazlYkAntumYfaDRAndAwe-AndyEtwaznatmYfaDR-
1685,-clsoDErwazAstrIplIGpej-hutRndItuAmid-
1686,-DIswazsoswitAldedisR-AndInsAm@nRYduTIGkSidYd-
1687,-bAtDEnDApIkCRwazgcn@zkwIkli@zAkem-
1688,-sIstRnEoduuhirrDizmarvAlz-
1689,-tekycrplesh@ndlEtAsiwADAkrIspAlk@nSotuyu-
1690,-lYkIznatyAGm@stR-DoY@m@noldm@n-
1691,-fcrTwIDclr@ntDAopAnIGAvDAtEntusiwAtmYtbiAmIs-bAtm@stRwIlhupiptWtfRst-nhidIdnomcrD@nwAngl@ns-
1692,-higevletuDADRzvErirEdAliAndritritAdAnpRsivdbYDAskwYrAndmIstrAsfItsuTtuDArIrAvDAtEnt-
1693,-krYzAv-AnatIGh@mAnatIGh@m-
1694,-bIfcrDEmflEdDAstrolRAndhIzTrisAnz-k@ptlAsAndtErAfYd-
1695,-wAtIzD@t-tumAltAndrYtAtIG-krYdWtDAskwYrTcrAtetIvliAndhiblutwYsanDAsIlvRwIsAlwIChAG@thIzbElt-
1696,-newivrIfriuzDerIkwEstmostpAlYtli-mostnubAlsEdDAlItAlstrolR-
1697,-AndDEnDebikemvEkst-AndwUdh@vsn@CtycrpRsfrAmAs-
1698,-YkUdnatsimYbOInjRdEksAlAnsfcrbAtduIGhIzduti@zwAnAvkAmbRlIntsAnz-
1699,-soYtdIdpUStDIsfElo-
1700,-It-IzInAf-sEdjcrjgemwElSarpli-@zhitRndApanDAkrWd-
1701,-SimanyusItAzAnzkrYdhi-YblASfcrmYfElozAvnadIGhEm-
1702,-ScUrtliwikAndsAmItwIDgUdgres-
1703,-tIzfYndfcryututckoldm@n@nsRdDAlinsolanAprEntAs-
1704,-bAt-YrEsAldwIDIsfElo-AndunoD@thipledanfErliInDAsEkAndbWt-
1705,-spokDAskwYrluzIGclpeSAnt-AndItwaztuyuD@tYdgevAnADRpRsAnkansAleSAn-
1706,-kAmtumimEn-hir-hir-hirezdhIzvOstulWdR-
1707,-DAstrolRztUkDErpartnItwIDhartizEstnW@tDeh@dsAmC@nsAvbitIGcfDErfoz-
1708,-rabAtAnDAlItAltAmplRbItwinDEmtrYdtufcrstdAskwYRtust@ndb@k-AndvEriv@lAtlidIdDiztukAmpcrtDEmsElvz-
1709,-DAhEdAnCifAvDArYAtDAnadIGh@mAprEntAs-wIDkwEnCvIstTrEtAndmanfiSIt-
1710,-DAskwYrhElptATrAstDEmclIndAndEntRdswIftlihImsElf-
1711,-nWbisYlAntanycrlIvzhibIg@nbAtDAk@pCRdAprEntAsEtAp@nInstAntSWt-
1712,-sYlAnsyunevkrYdmantfiSe-
1713,-hifEltfcrAnfWndDAwIsRdzbl@klcT-DAskwYrwazkwYtWtAvbrET-
1714,-TrAstIGopAnDAprapREntrAnsAvDAtEnt-rabAnsAdAnlirAStfcrTwIDhIzbRdAnwIDAgretSWt-
1715,-AmaftbISIAnmanbiSe-gemwIltuDArEskyu-
1716,-tekIG@dv@ntIjAvDIsDAskwYRzfyumEnridAbAldDErEfRtsAnd-EnkRjdbYrabAnzAndDAlItAlstrolRzkrYz-fctDErwetuhIm-
1717,-jcrjmantfiSewIlnEvRfRgEtDIsde-
1718,-wAtIzycrnemlcrdIG@sktDAlItAlstrolRprEsAntli-
1719,-rapAnfItsuf-
1720,-AndmYn@zwIlstApli-S@lwibIkAmr@dz-
1721,-rYtwIlIGlifcrbItwinAswih@vwAnDAb@tAl@nsRdrabAn-
1722,-YlYkyuwIl-yuarDAsEkAndwIlD@tYh@vmEtnlYtwIDIntudez-IzDErazsYnAndD@t-
1723,-mantfiSekcldWtfcrabAntugIvhIm@narm-
1724,-frEndz-sEdmantfiSefentlituDArEslRz-bErAsEskcrtsofarAvDASUrApshWs-
1725,-ItwIlnatbisefcryutustehirnW-
1726,-prefaloAswIDmYnInmYlcrdCErAfsmEn-
1727,-nadIGAGk@sAlazriCt-AndInmItAnswazdIm@ndAd-
1728,-m@stRmAnsoDASErAfh@vnadIG@nwazmYtAlipUtAbWtwEntoldAvDArYAtIG-
1729,-AndhEnrimYtrItRntuIGglAnd@tEnimomAnt-
1730,-h@vycrwIlCYldIfDAbOclsowIlzItAn-matfiSe@nsRdfilIGtuIltuApozEniTIGvEristrcGblijAstDEn-
1731,-himed@nEfRtuhYdAskAndISAnfrAmDEmcl-AndrabAnfElthIzfIGgRztYtAnApanhIzarm-
1732,-bEgmArumAvDASErAfCYld-kwIkli-
1733,-bAthuIzhIzfEloplAkIGItcRspiv-
1734,-hiIzmYEskwYrEkslEnsirItRndrabAnwIDdIgnAti-
1735,-mIstrAsvItuTh@dbInk@ridcfwYDASrAvdctRAndhRmedz@zsun@zDeh@dEntRdDAhWsoD@trapAnAlonh@dDAkErAvmatiSe-
1736,-rabAnwazgl@dwEn@tlEGkDewRlEftuDErondIvYsAz-
1737,-DAwYndAdsRtAnlibrIGb@kDAkAlRtuDAskwYRzCiks-
1738,-DizEskApiAtsarnatfcroldkemwElEd-hIzdeh@zkAmtutwYlYt-
1739,-wIlyufRgIvminW-
1740,-ItIlbinodIsApOntmAntumi-
1741,-noT@Gks-Y@mgl@dtugIvyusACizih@pinAs-
1742,-yuarwRDAliCwIlprEsIntliwIspRkrapAn-DAwYnh@zwRktAmarfAl-
1743,-YAndSoyusAmprItitrIks-
1744,-yAGfItsuTh@dbInkAm@ndAdtuhIzmADRzCembRsosun@zhih@dkAmWtfrAmhIzkanvRswIDAskwYr-
1745,-DErbifElAn@GkSAsIntRvyu-mIstrAsfAtuTaryuIGdfcrAndAgEnstDAskwYRzprajEktInAbrET-
1746,-mostAvclrAbAnTctAvhIzfaDR-wAtwUdhikWnsAl-
1747,-If-fcrAwImyubEgRyRsElfYk@natsteyu-
1748,-bAtekItwYlstYlYv-AndwErmwantfiSezSildInDAdezwEnmYzk@nbirIjOstbYsobrevAsYt-fcryuwIlnEvRdIsgresWRsdACAnYwcrAntmi-
1749,-DAr@th@dCEkthImDEn-
1750,-nEvRD@tsR-hih@dsEd-
1751,-hiwazIndipkanvRstwIDAklRkAndEntRdDAhclholdIGhImbYDAarm-
1752,-nWtubEd-bOi-
1753,-tIzlet-AndYgomYsElfwIDInAScrtspes-
1754,-dAsmIsyRskwYrabAn@ndbIdmikUdiAn-
1755,-@zEniInIGglAndYwUdse-sEdkemwElprWdli-D@tIzInhIzde-
1756,-yEthiwIltiCyuAfyutrIkswEnmcrnIGhIzkAm-
1757,-DErwaznoC@nstucltRhIzslipIGrumtuwAnIrRtugemwElCembR-
1758,-prEzAntlihikrcstDAflcrAvhIzrumwIDdIsYdIdstEp-
1759,-wIlkrYdhiscftli-AndstAdtlihuh@CozAnhIzkWCtAkrcsDAdcrAvhIzyAGm@stRzCembR-spr@GAp@twAnsIt@nsR-
1760,-wiwIlgoWtAgEDRtuDAbWR-DErIzAwedWntuDAkcrtfrmYwIndo-
1761,-rEstAndbistIlAntIlYwcrnyu-
1762,-DAWRzp@stwirAlibY-AndmuvmAntkUdyEtbihRdAbWtDAhcl-
1763,-@tl@stclwazkwYAtAndbl@kAndDAkcrtErdAvgemwEl-
1764,-wIl-wIspRdrabAnopAnIGhIzdcr@zhispok-aryurEdi-
1765,-DeDEnrInuTDErjRniAndAndRDAbEtRlYtmetAsevkrcsIGAvDAstebAlrufs-
1766,-rabAnEntRdDAhAtdr@kIGDAnwIlIGEskwYR@ftRhIm-
1767,-binatsofulISfrEndsEdfIfztIzkrcsli-
1768,-DemuvdDEr@ftRkcSAsliAbWtDAhAt-gropIGbIfcrAnAbWtDEmtufYndsAmTIGtuSoD@tDAwcrAntInAtfUlfIldhIzmISAn-
1769,-DewRApanDAvRjAv@nopAntr@pInDAfarkcrnRAvDAhAt-AndstAtlih@dtrIptovRDAEjAvDArIvRstfl@pmWDAvDIspIt-
1770,-fItuTsh@ndrEst@tl@stApanDAtaprAGAvAl@dRAndstloliDAtruTkemtuhIm-
1771,-rabAnkErfAlidIsEndAdDAl@tRAndfWndhImsElfsunApanfRmbrakigrWnd-
1772,-stAdtliwazbYhIzsYdInDAfl@SAndDnDeboTbIg@nfilIGAbWtDEmtu@sRtinDASepAnkErIktRAvhIsvclt-
1773,-frAmDAbl@knAsbIhYndDAlYtDehRdAvOs-wcrIntEnz-
1774,-sevmim@stRzbAtyustartAldmirErli-
1775,-krYdhiwevIGDAl@nTRnbIfcrhImtumekCShRD@tDizwRnogostsInfrAntAvhIm-
1776,-InkwYRdrabAnwIDhIzsAspISAnstIlApanhIm-
1777,-trulisACAhcrswUdbiwRTmACInATIGhImfIr-
1778,-gedietilcrdIG-@nsRdwRAnzAnwIDAh@fl@f-
1779,-wcrAntAnspokDAswIDsAdIfIkAns-tuSorabAnD@thiwaznatuT@GkjEfRizklemztuDAIstetwUdbip@stbY-
1780,-rapAnfItsuDscD@thIzdWtsAvwcrAntAnh@dbInAnfEr-AndhibIkemASemdAvhImsElfcrharbRIGDEm-
1781,-hIztonzr@GplEzAntlianwcrAntEnzIrz-AndfcrTwIDAgUdfEloSIpwazhErAldItbItwinDEm-
1782,-DAoldsRvAntoldhImkwYAtli@zDekrEptb@ktugenwElD@tDIsp@sAjwelEdfrAmDAhAtInDAplEzAntstuSUrwUd-AndD@tjEfRifcrDAtYmwazhYdIGwIDAWtlczInDAfcrAst-
1783,-hiImplcrzAstubituskrit@zDAgrivInDIsm@tR-fcrInsuThIzlYfIzInDAhaloAvWRh@ndz-
1784,-DerigenDErApartmAntApErAntliwITWtdIstRbIGDAhWsholdAvgenwEl-
1785,-WtInDAwUdzstUdAnYslItAlfRtri-
1786,-DApleshih@dwazAvErigUdwAn-DAsAnSonanhIm-@ztufrESErDErwazInAfAvD@t-AndrWndhImgrumEnilarjsYzdkamr@dz-pYnz@zwEl@zfRz-
1787,-hidIdnatTIGkAvDAwcrmsAnAndAvDAfrESEr-hidIdnatkErfcrDAlItAlkatAjCIldrAnD@tr@nAbWtAndpr@tAldwEnDewRInDAwUdzlUkIGfcrwYldstrcbEriz-
1788,-bAtDIs-wazwAtDAtrikUdnatbErtuhir-
1789,-InwIntR-wEnDAsnoleglItRIGanDAgrWnd-AhErwAtcfAnkAmlipIGAlcG-AndjAmptrYtovR@tDAlItAltri-
1790,-oD@tmedhImso@Ggri-
1791,-tugro-Andgro-tugEt-oldhR-Andbitcl-Tct-tDAtri-D@t-@ftRcl-IzDAmostAlYtfulTIGInDAwRlnd-
1792,-InctAm-DAwUdkAthRzclwezkemAndfEldsAmAvDAlarjAstriz-
1793,-DIsh@pAnd-EvRiyIr-AndDAyAGfRtriD@th@dnWgrontuAvErikAmlesYztrEmbAld@DAsYt-fcrDAm@gnIfAsAntgretrizfEltuDARTwIDnOzAndkr@kIG-DAbr@nCAzwRlaptcf-AndDAtrizlUktlcGAndbEr-DewRhardli-tubirEkAgnYzd-AndDEnDewRledInkarts-AndDAhcrsAzdr@gdAvDEm-WtAvDAwUd-
1794,-h@vyunatnEt-DEmEniwID-
1795,-rijOsInDYgroT-sEdDAsAnbimz-
1796,-AndDEn-wAth@pAnzDAEn-
1797,-YwUdfenoIf-Y@mdEstIndfcrsoglcriAsAkRIr-krYdDAtrirIjOsIG-
1798,-Y@mnWtcl-AndmYbr@nCAzsprEdlYkDADRzD@twRk@ridcfl@styIr-o-
1799,-w-wErYbAtclrEdianDAkart-
1800,-wErYInDAwcrmrumwIDclDAtsplEndRInm@gnIfAsAns-
1801,-yEs-AndsAmTIGbEtR-sAmTIG-stIl-prYnAdRwIlSUrlifalo-crwErIfcrSUdDeDAscrlAmEntmi-
1802,-sAmTIGbEtRsAmTIGstIAlgr@nducrmAstfalo-bAtwAt-
1803,-riCOsInWRprEzAns-sEdDAErAndDAsAnlYt-
1804,-rIjOsInDYonfrESyuT-
1805,-bAtDAtri-dIdnatrIjOs@tcl-higruAndgruAndwazgrinboTwIntRInsAmR-
1806,-AndtAwcrdzkrIsmAshiwazwAnAvDAfRstD@twazkatdWn-
1807,-DA@ktstrAkdipIntuDAvEripIT-DAtrifEltuDARTwIDAsY-hifEltAp@G-@zlYkAswun-hikUdnatTIGkAvh@pinAs-fcrhiwazsarofAl@tbiIGsEpRetAfrAmhIzhom-frAmDApleswErhih@dsprAGAp-
1808,-hiwElnuD@thiSUdnEvRsihIzdIroldkamr@dz-DAlItAlbUSAzAndflWRzArWndhImEnimcr-pRh@psnativInDAbRdz-
1809,-DAdIparCR-waznat@t-clAgriAbAl-
1810,-DAtrionlikemtuhImsElfwEnhiwaz-AnlodAdInAkcrtyardwIDADRtrizAndhRdAm@nse-D@twAnIzsplEndAd-widontwantDADRz-
1811,-DErtuwRlarjiziCErz-sIlkAnzsofAz-larjtebAlzfUlAvpIkCAvbUksAndfUlAvtOzwRDhAndrAdzAndhAndrAdzAvkrWnz-@tlist-DACIldrAnzh@dso-
1812,-DAsRvAnts-@zwEl@zDAyAGlediz-dEkpRetAdIt-
1813,-DIs-ivnIG-DeclsEd-
1814,-hWItwIlSYInDIsivnIG-
1815,-pRh@psDADRtrizfrAmDAfcrAstwIlkAmtu-UkItmi-
1816,-It-blezdApfemAsli-hElp-hElp-
1817,-krYdDAyAGlediz-AndDekwIklipUtWtDAfYR-
1818,-Astcri-
1819,-Astcri-krYdDACIldrAn-drcIGAlItAlf@tm@ntAwcrdzDAtri-
1820,-bAtYS@ltElonliwAnstcri-
1821,-hAmbidontbifEldWnstErz-AndyEthimEridDAprInsEs-
1822,-D@tsDAweAvDAwRld-
1823,TctDAfRtri-AndbIliv@tcl-bIkczDAm@nhutoldDAstcriwazso-gUdlUkIG-wElwEl-
1824,-YwontrEmbAltumaro-TctDAfRtri-
1825,-AndDAholnYt-DAtristUdstIl-AndIndipTct-
1826,-InDAmcrnIGDAsRvAntsAndDAhWsmedkemIn-
1827,-bAt-Dedr@gdhImWtAvDArum-AndApDAstErz-IntuDAlcft-Andhir-ItAdarkcrnR-wErnodelYkUdEntR-DelEfthIm-
1828,-wAtsDAminIGAvDIs-bck-DAtri-
1829,-AndhilindAgEnstDAwclcstInrEvRi-
1830,-tYmInAfh@dhitufcrhIzrAflEkSAnzfcrdezAndnYtsp@stan-AndnobadikemAp-AwEn@tl@stsAmbadidIdkAmItwazonlitupUtsAmgret-trAGksInAkcrnRWtAvDAwe-
1831,-tIznWwIntRWtAvdcrz-TctDAtri-
1832,-hWkYndm@nIz@ftRcl-
1833,-If-jonliwRnatsodarkhirInd-sotErAblilonli-
1834,-swik-skrIt-
1835,-DesnAftAbWtDAfRtri-AndrAsAldAmAGDAbr@nCAz-
1836,-Y@mbYnominzold-sEdDAfRtri-
1837,-DErzmEriowAnkAnsIdRAbli-oldRD@nY@m-
1838,-DewRsoIkstrimlikyUriAs-
1839,-YnonosACples-sEdDAtri-
1840,-AndDEnhitoldclAbWthIzyuT-AndDAlItAlmYsh@dnEvRhRdDAlYkbIfcr-AndDelIsAndAndsEd-
1841,-sEdDAfRtri-TIGkIGovRwAthih@dhImsElfrIletAd-
1842,-yEs-Inri@lAti-DozwRh@pitYmz-
1843,-po-ItIzhApin-dontpi-@sktDAmYs-
1844,-onliD@twAn-@nsRdDAtri-
1845,-It-IzAvErisktupAdstcri-
1846,-dontyunowAnAbWt-bekAnAndt@vok@ndoz-k@ntyutElEniladRzstcriz-
1847,-no-sEdDAtri-
1848,-DEngUdbY-sEdDArEts-AndDewEnt-homA-
1849,-@tl@st-DAlItAlmYtsstedAweclso-AndDAtrisYd-@ftRcl-ItwazvEriplEzAntwEnDAsliklItAlmYs@trWndmi-AndlIsAndtuwAtYtoldDEm-
1850,-nWD@tuwIzovR-
1851,-wYwAnmcrnIGDErkemAkwantAtiAvpipAlAndsEtuwRkInDAlcft-
1852,-DAtrAGkswRmuvd-DAtriwazpUldWtAndTron-r@DRhardItIztru-dWnanDAflcr-bAtAm@ndruhImtAwcrdDAstErzwErDAdelYtSon-
1853,-bAtItwaznat-DAfRtri-D@tDemEns-
1854,-ItwazInAkcrnRD@thile-AmAGwidzAndnEtAlz-
1855,-DAgoldAndstarAvtInsAlwazstIlanDAtapAvDAtri-AndglItRdInDAsAnSYn-
1856,-InDAkcrtyardzsAmAvDAmEriCIldrAnwRpleIGhuh@d@nstukrIsmAsrWndDAfRtri-AndwRsogl@d@tDAsYdAvhIm-
1857,-AndDAgardAnRzbO-Capt-DAtriIntusmclpisAz-DErwazAholhiplYIGDEr-
1858,-DAwUdflemdApsplEndAdliAndRDAlarjbruIGkapR-AndItsYdsod-sipli-
1859,-hWEvR-D@twazovRnW-DAtrigcn-DAstcri-h@d@nEnd-
1860,-EnITAnbETrIfrendfrAmdElIGD@tADRgRlzcrAGkAljan-AvoldwIlrajRz-vIzAt-bAtDegatmIstRwctsAnInDAlYbrEriAndkwEsCAnhImklosliAbWtDApEnAltifcrfcrCInACEk-
1861,-ItwazAsIriAskrYmIndidmIstRwatsAntoldDEm-AndtaEmgetsb-bedfErtusRvAlEGkTitRmInDAstetsprIzAn@zAkansAkwAns-AvhIzr@S@kt-
1862,-Yg@ntsiItInD@tlYt-sEdDAoldlcyR-
1863,-ItwazAdIlIbRAtfEftfrAmhIzEmplORztuprAtEktugRlhilAvd-
1864,-bAtDekUdnath@vpruvAnAkesAgEnstlusi-IfSiwazInAsAnt-AndclDErTrEtsAvREstIGhRwRprabliAmIrblAf-
1865,-hiwazsafthartAd@nImpECwAs-sEdbET-AndbiIGInlAvhidAdAntstaptukWntDAkast-
1866,-IfDAprasAkyuSAnwRwITdrcn-AndDekesEtAldwIDAvIktAmAvDAfcrCCEk-D@nDAyAGm@nwUdbiAlWhzfridAm-
1867,-bAtAndRDAsRkAmst@nsAz-YdWtAvsAC@nRenjmAnkUdbimed-
1868,-fErAvyuIztwElvmYlzAwe-bAtbYtEnAklakDedruAp@tDAk@nidrel-
1869,-DewRrAsivdInDAlItAlcfAsbYAm@nemarkAm-huwazDAjelR-
1870,-wiwIStutckwIDIm-@nsRdkEnIT-tck-
1871,-YmrAnIGfcrEprAzEntAtIvanDAripAblIkAntIkAt-sEdkEnITkwYAtli-
1872,-hYlse-D@tsdIfRAnt-AbzRvdmarkAm-cltRIGhIzdImitR-
1873,-Debesigets@twAns-@skEnIT-
1874,-DefalodDAjelR-AlcGDAsAksESAnAvp@sAjAz-
1875,-sAmtYmz-amD@tyRnInfRIstsmokAmnIrlikrezindYtAlowIChIzwRs-dYInwAnwErD@DR-
1876,-hiAlAktDAdcrInkclbd-hIrzvIzAtRztam-
1877,-hwRstAm-wRsAnErRrIplYdDAjelRglumAli-
1878,-mIstRgr@fsEdkEnIT-notIsIGDAbOzfeskrItIkAli-@zhistUdwErDAlYtfrAmDAp@sAjfElApanIt-
1879,-sarwih@v@nEnirIsEpSAnrumAnDAjel-
1880,-sEtWnpliz-sEdgetsAnACIrfAlAnplEzAntvOs-DErzApEnCr-
1881,-AfrESholsAmlUkIGbOwaztamgets-wazstEdigreYz-@ndIntElAjAntfcrhEd-bAtAsEnsAtIvr@DRwikmWD-
1882,-wih@vhRdsAmTIGAvycrstcri-sEdkEnIT-AndarIntrAstAdInIt-
1883,-YdIdAntstaptuTIGkwEDRItwazfulIScrnat-YdIdItAndYmgl@dYdIdIt-
1884,-oldwEl@zAfYnfElo-bAtpUrInhElplAsInsmIsIzrajRzh@dhR@ksAdAnt-
1885,-DEnradRzwUdtAnduEniTIGbAtlidRRWndAndwetApanhR-AndDAkleswEntAr@kInruAn-
1886,-hispoksImpli-bAtpest-ApAndWnDAnErosElInfrEntAvDEm-
1887,-huznemdIdSisYdtuDACEk-@sktkEnIT-
1888,hiIzsApozdtusYnclDACEksAvDAkAnsRn-
1889,-ItsAstaptkAmpAniInrIC-
1890,-YwazbIkkipR-soItwazizitugEtAbAl@GkCikAndfcrjtDAsIgnACR-
1891,-@zrIgardz-mYrabIGDAkAmpAni-YlseD@tYsevdhImAhEvilcstwAnde-
1892,-YdIskAvRdAndpUtWtAfYR-D@twUdh@vdIstrOdDAholplEt-bAtmarS@AlnEvRivInT@Gktmi-
1893,-ItwazbEtRfcrhImtuTIGkDAgRlAndfilIGD@ntunoDAtruT-
1894,-YmgoIGtusimIstRmarSAlsEdkEnITAndIskAvRwAtYk@ndutuhIzhIstu-T@GkyusR-
1895,-ItwontbimACbAtAmgretfAltufYndAfrEnd-
1896,-DelEfthImDEn-fcrDAjelRRYvdtuAlakDAdcrAndIskcrthImtuDAcfAs-
1897,-YvsinlatsvD@tkYndAnmYde-
1898,-AndItriuAnzAv@nzdIspAzISAn-
1899,-hilUktApr@DRAgreSAslipAtmoSAndDEmtubisitAd-
1900,-sAmgRlh@zbInInhirtwYstuIntRvyumYmEnt-AndYh@vrAfyuzdtuAdmItR-
1901,-Ymnat-IlEkSAnIrIGjAstnW-
1902,-ho-wYlsRwAtAb@thIm-
1903,-AndhidIsRvzAtRmInstetsprIzAn-
1904,-IthIzkastmitwYsIkstidalRzInAnOtz-
1905,-YlpeclDAkasbIsYdz-
1906,-ycrfulISwYSUdyuduclDIs-
1907,-Yh@vmeonrizAnzmIstRmarSAl-
1908,-gIvmiACEkfcrAhAndrAdfIfti-AndYltRnovRtuyuDAfcrCCEkAndkwasCfRDRprisidIGz-
1909,hidItEstIdDAgr@spIGdIspAZAsAn-D@twUdIndEvRtutek@dv@nIjAvhIzEvAdAntdIzYRtuhElpyAGgets-
1910,-bET-Anizi@tAsYlAnsnAjdhIm-
1911,-DErwazAgrImsmYlAvAmyuzmAntanhIzSrudfes-
1912,-himYth@vh@dD@tfcrjjEkfcrDAfesAvIt-IfhidbInSarp-
1913,-AndtuTIGk-wik@nsevclD@tmIzRiAndIspEr-bYDApemAntAvAhAndrAdAndfIftidalRz-
1914,-so-tuDAsRprYz@tDAdEmAkr@tIkAmItiAndclhIzfrEndz-mIstRhapkInzAndnEnstD@thiwUdApozfcrsz-AgrEsAvk@mpen-wID@nikwAlAgrEsInAs-AndspEnd@zmEnidalRzAnduIGso@zmYtbinEsAsEri-
1915,-wAnAvmIstRhapkInzfRst@sks@ftRkclIGhIzfeTfAlInCbAnRWndhIm-waztumekAkErfAlkIndAsAvDAvotRzAvhIzdIstrIktusiwAtwazstIltubiAkamplISt-
1916,-DAwiknidkAntInjAnsimAstbistrEGTAndAndfcrtAfYd-AndAkApAlAvhAndrAdvotsInwAnwecrDADR-sIkyUrdfrAmDAapAzISAn-
1917,-DAdEmAkr@tIkAmIti-fIgyRdWtAwetuduDIs-
1918,-AndRcrdAnErikAndISAnz-rEnAldzwazSUrtubiIlEktAd-bAtDAtkAmItiprApozdtus@krAfYshImIncrdRtuIlYkapkAnz-
1919,-DAonliTIGnEsAsEriwaztufIksETrEnAldz-AndDIs-hapkInzRenjdpRsAnAli-
1920,-AndDIswazwYkEnITAndbETdIskAvRdhImkAnvRsIGwIDAyAGwUmAnInDAbAgi-
1921,-DAdIskrIpSAnSigev-AvDAkAmIGrIsEpSAntuDAwImAnzpAlItAkAlig-wazsohyumRAsAndYvRtIG-D@tDewRboTl@fIGhartAliovRDATIG-wEnDAyAGpipAlp@stDEm-AndDAsmIstRhapkInzfeldtunotAshuDAakyApAnt-AvDADRvihIkAlwR-
1922,-DizwImAnwRfl@tRd-bYDAtEnSAnAvDAyAGledi-Andh@dpramAstuAsIstInIlEktIGmIstRfcrbz-
1923,-luizhoptfcrEksAlAntrIzAltsfrAmDIscrgAnAzeSAn-AndwISt-DAEntRtenmAntubisoIfEktIv-InwInIGDErgUdwIl-D@tDewUdwRkRnAstlifcrDAkazInwICDewREnlIstId-
1924,-DAfErvyup@ndwazEngejdtudIskcrs-@zmACharmAni@zItkUdprAdus-AndDAriscrsIzAvDAgrethWswRt@kstuEntRtenDAgEs-
1925,-tebAlzwRsprEdanDAlon-AndDAdentip@tsAbs@nCAlrip@stwaztubisRvd-
1926,-DIswazDAfRstAkeZAn-wIDInAjEnReSAn-wInsAC@nEntRtenmAnth@dbIngIvAn@tElmRst-AndDAonliwAn-wIDInDAmEmRiAvm@n-wrDAnibRzAndkAntripipAlh@dbInDAInvYtAdgEs-
1927,-DAtEndAntswazAnIkspEktIdlilarj-AndDAgRlzwRdIlYtAd-fcrsingretsAksEsfcrDErfYt-
1928,-wictuh@lvmcrAtEntAnsbET-sEdluizAproCIGhRkAzAn-
1929,-wontyurAnIntuDAhWsAndsiIfmarTAk@ntspErwAncRtumcrmedzs-
1930,-SiwazvErifandAvDAyAGlediz-humSih@dnonwEneAvjenwazDErmIstrAshir-AndbETwazhRAspESAlfevRIt-
1931,-DAhWskipRlEdDAweAnbETfalod-
1932,-fcrAmomAntbETtstUdstErIG-wYlDAnumedrAgardAdhRwID-kAmpoZRAndAvslYtsmYlApanhRbyutAfAlfes-
1933,-SiwazdrEstInDArEkyAleSAnkastumAvDAmedz@tElmRst-Aplenbl@tgWn-wIDAwYteprAnAndk@p-
1934,-D@nSigevAlItAlWtAndrIplYd-nomIsbETYmIlIzAvbATparsAnz-
1935,-bAtItk@ntbiprAtEstAdDAgRl-
1936,-YAtEndtuDAhWsholdmEndIGyuno-AndkErfcrDAlInAn-
1937,-yuspiklYk@nEjAketAdpRsAnsEdbETwAndRIGli-wErIzycrhom-
1938,-fcrDAfRstYmDAmedsimdAlItAlkAnfyuzd-AndhRgezwandRdfrAmDAfesAvhRvIzAtR-
1939,-Sis@tWnInArakIGCEr-Andkl@spIGhRh@ndzInhRl@prakslolib@kIndfcrT-YmsarisEdbET-
1940,-hAlYzAvparsAnzSUkhRhEd-
1941,-fet-vIksYtmiAnsAmweAndYk@ntbErDEm-yumAstIkskyuzmi-
1942,-SivInsimdmYldliAmyuzd@tDAtEnSAnSiAtr@ktAd-
1943,-bETwazAbyutAfAlgRl-DAh@nsmAsAvDATrikAzAnzbYfar-yEtIlYzAsRp@sthRAn@CRAlCarm-AndsimdwElAwErAvDAf@kt-
1944,-hRm@nRwazniDRIndIpEndAntncrAsRtAvbAtr@DRwAnAvwElbrEdkAmpoZRAndkamrAlYAns-
1945,-hRYzwandRdtuDAmedzh@ndz-
1946,-hWEvRhRfiCRzAndfcrmYtriprEsEniEvAdAnsAvnRvAsnAs-Dizh@ndztold-AdIfRAntstcri-
1947,-SirozkwIklituhRfit-wID@nImpECwAsjEsCRD@tmedhRvIzAtRk@CrAbrET-
1948,-YwISYnumYsElfSikrYdfIrsli-
1949,-wIdyulivbiAlonInmYondrumcrmAstYgoAwetuIskepyu-
1950,-AlYzAklozDAdcrbIhYndhRwIDAdIsYdIdsl@m-AndhkiklIktInDAlak-
1951,-kaAnkcrdwItRndtuItsplesAmIdstDAtEnts-
1952,-DAIGglISfoRdItuDAfrEnCb@skAtsAflWRzAvwICDeh@dmedAplEntAbAlprAvIZAntugritDARYvAlAvDAyAGprInsEs-DAfrEnCInrItRnInvYtAdDAIGglIStuAsEpRwICwaztubigIvAn-DAnEkstde-
1953,-kAngr@CAleSAnzwRpcrdInApanDAprInsEsEvriwErdUrIGhRjRni-
1954,-frAmDArIspEktpenhRanclsYdz-SisimdlYkAkwin-AndfrAmDA@dReSAnwIDwICSiwaztritAdbYtucrTri-SiApIrd@nAbjEkt-AvwRSAp-DAkwinmADR-gevDAfrEnCDAmostAf@kSAnAtrIsEpSAn-fr@nswazhRnetIvkAntri-AndSih@dsAfRdtumACAnh@pinAsInIGglAndfcrIGglAndtuh@vmedhRfRgEtfr@ns-
1955,-SitcthRdctR-DEn-bYhRonAfEkSAnfcrIt-D@tlAvfcrAkAntriwErDeh@dboTbInhIspItAblirAsivd-AndwErAbrIlyAntfyuCR-opAndfcrDEm-
1956,-DAkWnth@d-DronhImsElfb@kanhIzsi-linIGhIzSoldRzAgEnstDApartISAnAvDAtEnt-AndrImenDAs-hIzfes-bEridInhIzh@ndz-wIDhivIGCEst-AndrEstlAslImz-
1957,-DIsh@zIndidbInAhR@EsIGdekAntInyudDAyAGm@nhIzYzfIkstApanhIzfrEnd-
1958,-yuwIlbifr@GkwIDmi-Yclwez@m-
1959,-k@nyuIm@jAnmYbAkIGh@mh@zbInsofYAlAnt-YsAspEkt-
1960,-ItIzyuwRmIstekAnrWYh@vrEdhIzdIstrEsInhIzYz-InhIzEvRijEsCRAnd-@kSAnDAholde-
1961,-Yk@npRsivlAv-klIrliInAf-
1962,-Y@mkAnvInstAvwAtYse-sEdDAkWnt-
1963,-ItIzAnOAnsDEn-
1964,-InDozvEritRmzYivInh@dIdmcr-
1965,-bAt-kAntInyudrW-natIntrAptIdbYDIsmuvmAntAvhIzfrEnd-hEvAnbiprezdDAfrEnC-huarpRnWnstubiTctlAsInIndIskrit-trEklAsivIn-WRkepAbAlAvbrIGIGAkolmAndsWndjAjmAntubErAnm@tRzAvsAChYImpcrtAns-
1966,-DAs-ItIzDatDA-hAnRAvTriIzsevt-WRkAntriarm@stRz-AndWRon-
1967,-yEsYnidripoz-mEniTIGzh@v@jAtetAdmitudeboTInmYndAndbadi-wEnyurItRntumaroYS@lnolcGgR-biDAsem@n-
1968,-bAtInDIsfrEndliprESRrWkUdItEktDAnRvAs@jAteSAnAvAgret-IntRnAlkanflIkt-
1969,-DAnYtwazklIrstarlAtAndsplEndAd-DAtEmpAsth@vp@stAweAndDAswiInfluAnsIzAvDAivnIGh@drIstcrdlYf-pisAndsIkyUrAti-EvriwEr-
1970,-ApanDAlarjskwErInfrAntAvDAhotWDAS@dozAvDAtEntsIntAsEktAdbYDA-goldAnmunbimz-fcrmd@zItwRAhyujmozIkAvjEtAndyElofl@gstonz-
1971,-brYlAlan-waCtfcrsAmtYm-DAkandAktAvDAtulAvRz-lIsAndtuDAlWdAndAnsIlrAlslAmbRzAvmEnik@mp-husncrd@zImpIriAsli-@zDohiwazwErIGhIzbluAngold-InstEdAvhIzvYAlAtsut-
1972,-g@lYATmeksAnADRdIskAvRi-
1973,-DErwRsRtlinonIrDAsAluSAnAvDErprablAm-
1974,-DApUrlItAlTIGzkrYdsIntDATIGkAvDEmh@vIGbIntRndtuDAwclclDizyIrz-
1975,-nWwAtIzDAsEnsAvIt-tuInAsIvbebizlYkD@t-
1976,-bAtjOsh@dnatbInlIsAnIG-cl@twAnsSipUtanhRk@ndAlanDAtebAlAndfesthRkAmp@nyAn-
1977,-bAtwInbrADR-dIdsAmTIGSidEdntlYk-AndSitRndhIzpIkCRtuDAwcl-
1978,-hRzh@pAndtubianDAsemfremtu-bAtSiEvAdAntlidInkErAbWtIt-
1979,-nWwAth@vyutusesIntDAsprWg-
1980,-YTctwiwRstAmptAgEnwEnYfRstscD@tbEkCRbAtIt-spInAvsAmyus@ftRrcl-
1981,-dYyisApozDAmnACRwazAkapiAvDAsemTIG-
1982,wEnInDAwRldIzAt-kwIriCOs-
1983,-retwrImitErAbli@nbIsYdz-@dlYktusiwAtDIslAvlifRnICRlUkslYkwITWtsACkwantAtizAv-dEstclovRIt-gUdskimsIn-
1984,-wIlkAmInhIrDs@ftRnunwID-oldkloDzanInh@fRrekyAlRhWsklinIG-
1985,-ik@thRdEniTIG-YmSUrfcrwibAldIstRbdTIGz@tcl-
1986,-DIsTcthWEvRdIdnatEntRDAhEdzAvDAInTuzi@stIkpEr-
1987,-smAgAlIGDAhWsklinIGpErfAnlyA-IntuDAsElRwIndo-AnAbzRvd-D@t@ftRnun-pruvdnoizit@sk-fcrsInTiAh@d@dAdAwIskbrulAndAstp@n-tuDAWtfIt-
1988,-DAlURpruvdtumACfcrImEnikemspcrtIG@ftR@sfrIskAli@zAyAGkItAn-mACjusIntDiIzdIlYtwEnSikatsYtAvhIm-
1989,-olEtImkAmAlcGSiRjdYdulAvtusihImAbWtD@toldhWs-
1990,-himeksItscrtAv-koziR-
1991,-nElItsdAstDAfnICRndpIkCRz-
1992,-yEt-lItAl@zItwazIth@dclrEdimedAv@stdIfRAnsInDA@spEktAvDArum-
1993,-sRfAsdEsk@tlisth@dbInrimuvdAndDAfYnoldfRnICR-gevAhIntAvItsrilElAgAnsAndpalIS-
1994,-D@n-SisAmlirImarkt-
1995,-AndmYpakAtmAniIzgEtIGloAkAnAndyuh@vA-EnilEft-@zyuZAwAl-
1996,-DeseAlumAneSAnbYk@ndAlYtIzDAprItiAstInDAwRld-
1997,-wYItgAlwY@tD@syuZAwAlDeboTkrYdpirIGIn-
1998,-IzAheDA-gretAstfrgEtIGIntucdkcrnRz-
1999,-fRgEtIGclDErwIrinAsDesizdDErk@ndAlzAndstritTruDAhWsfYndIGanAkeZAnAlpepR-tAktAweAndscadkcrnR-
2000,-wEl-AndkAmfInstD@tDAbcrdAdAphWsmIstRih@pAndnatcRliRD@n-eprAlsIkstinT-etinsIkstiwcrn-AndprabdlinatmACletR-
2001,-nowRdzwRspokAn-nol@GgwAjwaz-AtRdsevdWnAvwelIGInhIsIG-AndD@tsAmhWwaz-IndIstIGkt-@zIfItIgzIstAdInf@nsiAndnatInri@lAti-
2002,-YhRdAnOzbIhYnd-YtRdAndsck@fR-hIzsbl@kYzSYnIG-wYlInhIzh@ndhihEldAglimIGnYf-hilIftAdItAbAvhIzhEd@zIftustrYk-bAtYh@dDAstrEGkTAvtEnmEn-AndYhRldhImfrAmi-
2003,-anwRi-sEtAdIstAntvOs-
2004,-nosWndbrokDAstIlnAsAvDAnYt-
2005,-DAstcriAvItsivAlInfluAnskemb@ktumiAndInmYbIwIldRdkAndISAn-YwAndRdwEDRDErwaznatsAmtruTInwYh@dbInsEd-
2006,-wAtwazD@t-
2007,-wAtD@tYhyumAnh@ndlarjAndSepliApIrdIstIGktlianDAsRfAsApDApcant-
2008,-nATIGmcr-nativInDArItstuwICItmYtbiAt@Ct-
2009,-ItdIdnatbEkIn-crIndidmuv@tcl-Itwaz@zstIl@zDAh@ndAvdET-
2010,-YAwIlktukanSAsnAsfYtIG-h@tfRstItsimd@zIfYwazfYtIGwIDAf@ntAmbAtgr@juAlimYAponIt-bIkemcriltumi-Itwazk@fR-
2011,-AsWndAvOsAz-Afl@S-AvlYt-
2012,-AfilIGAvfridAmAndYwazAwek-wEr-
2013,-sEdAnADRvOswICYrEkAgnYzd@tvolCErz-k@fR-
2014,-Yh@dskErslinonwErYh@dbInseIGcrduIGAptuDIstYm-bYh@zhispok-YlUkt@tmYh@nd-
2015,-InDAlYtAvDAmunYscnYf-rEdwIDblAdAndmYh@ndtu-wazclsodIskAlRd-
2016,-YdunatnoY@mdezdbiwIldRd-
2017,-wAt-D@tIzk@fRzlYf-
2018,-Ynohih@dItDIsvErivnIG-
2019,-YIrEmRdseIG-h@vwibIntAgEDR-
2020,-bolCErpIktApsAmTIGfrAmDAgrWndAndlUkt@tIt-
2021,-YseyudunowAtDIsminz-AndyumAstElAs-
2022,-AtErAbAlTctfl@StIntumYmYnd-
2023,-Yh@dAgEnbIn-@ktIGAndRDAInfluAnsAvDIsm@nzpWR-
2024,-pRC@nstu-k@fRzdETmYtsRvhImIngUdstEd-
2025,-bYtAGrAfyuztuartIkyAlit-mYpWRAvspiC-l@ftmi-
2026,-mYpAzISAnwaztutErAbAl-
2027,-mYovRratInRvzyildAd@tl@st-
2028,-fcrsAmtYm@ftRD@tYrImEmbRdnATIGdIstIGktli-
2029,-DATrimodzAvm@nAjmAnt-
2030,-tusApoz-D@tDAbjEkt-AvDIswRk-Iztu-ed-InAfEktIG-sAC-AsAbsAtuSAn@zD@t-IzIntYRlitumIstek-ItsneCRAndIzYn-
2031,-bYrizAn-AndAfEkSAn-
2032,-@zDACesdrYvzAwe-mErist@ndzbIwIldRdAndpRplEkst-anDAdcrstEp-hRmYnd-InA-tumAlt-AvIksYtmAnt-InwIC-hetrAdAvDAdaktR-dIstrAst-AndsAspISAnAvhRmADR-dIsApOntmAnt-vEkseSAn-And-IlhkyumR-sRjAndswEl-AmAGDozdElAgAt-crgAnAzeSAnz-anwICDAstrAkCR-AndAvElApmAnt-AvDAsol-sokloslidIpEnd-duIGpRh@ps-AndIrEpRAbAl-InjRi-
2033,-DAmADR-@zsun@zDACesIzsofartRnd-D@tmErik@nolcGgRwaCDAIksprESAnAvhRkantAdAns-gozAwefrAmDAdcrwIDAsmYlAvkAmplesAnsi-Ands@nAsf@kSAnanhRfes-@tDAInjAnuAti-AndsAksEs-AvhRlItAlartAfAs-
2034,-soyuwIlbiAgUdgRl-Yno-Andnatmek-EnitrAbAl-bAtwIlste@thomkAntEntAdli-molyu-
2035,-DAmADR-Andm@nAjIGDAkes-InDIswe-rilYzdpartli-AnkAnvInsIGDArizAnAvDACYld-Andpartli-an@nApiltuhRAfEkSAn-
2036,-IfyuSUdnatbiAgUdgRl-wAtSUdSosYnzAvmekIGAsEnitrAbAl-YS@lh@vtusEndyu-WtsAmwErtuDAb@kpart-AvDAhWs-AntIlwiargAn-
2037,-bAtDIsl@stsApAzISAn-Iz-clmost-clwezAnEsAsEri-fcrIfmEri-h@zbInhAbICuAlim@nAjd-anDIsprInsApAl-SiwIlnat-mekEnitrAbAl-
2038,-ItIz-Indid-tru-D@tDAImpcrtAnsAvt@kt-AndskIl-InDAtrenIGAvDAyAG-AndAvkAltIvetIGDErizAn-AndsIkyUrIGDErAfEkSAn-k@natbicrRetId-
2039,-tusACpRsAnz-DizIntRIktmodzAvtrenIGCIldrAn-Inh@bAtAvsAbcrdAneSAntuDErwIl-cr@DR-AvyildIG-tuDErInflAns-arspESAliyusfAl-
2040,-dElA-h@dAyAGsIstRnemjmRiA-AndAkAzAn-huznemwazjen-
2041,-nW-dElyA-kAntrYvdtuAbtenAgretInfluAns-AndAsEnAsi-ovRDAmYndAvDACIldrAn-bYminzAvDizdalz-
2042,-tugIv@nYdiAvDizkanvRseSAnz-YwIlripcrtwAnAvDEmInfUl-
2043,-yuh@vkAm-AndElA-AndElAwazDAnemAvjenstcl-tumekrozAliAvIzAt-
2044,-Y@mvErigl@d-
2045,-YIkspEkt-yuh@vbInAvErigUdgRl-AndElA-sInsyuwRhirl@st-
2046,-DEn-tRnIGtujen-Si@skt-InAsAmwAtcltRdtond-h@zSibInAgUdgRljen-
2047,-fcrInstAns-wAnde-DACIldrAnh@dbInplenApanDApi@pzAp-wIDblaksAndADRpleT@Gks-AndfYnAli-h@dgcnIntuDAhWs-livIGclDATIGz-anDAflcrAvDApi@tzA-InstEd-AvpAtIGDEmAweInDErplesAz-@zDectuh@vdAn-
2048,-DewRnWpleIGwIDErdalz-InDAparlR-
2049,-dElyAkemtuDAparlR-AndwID@nErAvgretmIstRi-bEkAndDACIldrAnAsYdAndsEtuDEm-InAwIspR-livAndElA-Androzlihir-AndontseAwRdDEm-
2050,-soseIG-SilEdDAweAntIpto-falodbYDACIldrAn-WtAvDArum-AndrWndbYAsrkAtAsrup-tuDApi@tzA-DEr-
2051,-sEdSi-pOntIGtuDApleTIGz-si-
2052,-pUtDizpliTIGzclAwekwIk-AndkErfAli-AndwiwIlnat-lEtDEmno-EniTIG-AbWtycrlivIGDEmWt-
2053,-AndDIsmETAd-AvtritIGDAkes-wazmACmcrIfEkCuAl-InmekIGDEmdIspozdtuAvOdkAmItIGAsImAlRfclt-AnADRtYm-D@n-EnidREktribyuks-crIksprESAnzAvDIsplEZRAdrEstpRsAnAlituDEmwUdh@vbIn-
2054,-neCRAvDAIfEkt-prAdust-bY-RliImprESAnz-
2055,-D@tIzkAmpErAtIvlinATIG-
2056,-DearCiflifcrmd-frAmkambAneSAnzAvDAImprESAnzmedInCYldhUd-
2057,-v@stImpcrtAnsAnd-InfluAns-AvDIsmEntAlfRnISIG-
2058,-wiTEltgoIGtuEnisACIkstrim@zDIs-wik@nizAlisi-anrAflEkSAn-hWv@stInInfluAns-anDAYdiAz-AndkAnsEpSAnz-@zwEl@zanDAprInsApAlzAv@kSAnInmACUryIrz-mAstbi-IgzRtId-bYDAneCRAndkErIktRAvDAImAjAzwIC-DApIriAdAvInfAnsi-AndCYldhUdImprEs-ApanDAmYnd-
2059,-DApenprAdust-bY@n@ktAvhesti-And-@GgrivYAlAns-tuwICAfaDRsAbjEktshIzsAn-mesump@sAwe-bAtDAmEmRiAvIt-dAznatp@sAwewIDApen-
2060,-bAt@ndRzkErdnATIGAbWtD@t-
2061,-himedAbWso-dip-D@thIzb@k-kemnIrbrekIG-AndhiwazdAnfWndId-Yk@ntElyu-wEnhisc-ItwaznobadibAt@ndRz-
2062,-hiwazsACA-bIgbO-D@thiwcr-hYbuts-Andk@rid-Aj@knYf-
2063,-nW-DIsnYfwazAsplEndAdwAn-Do-h@fDAblebwazgcn-AndAh@ndAlwazAlItAlkr@kt-And@ndRznu-D@twAnIz-clmostAm@n-@zsun@zwAnh@zAj@knYf-
2064,-yEs-wYnatTct@ndRz-
2065,-siIGD@tY@msofYn-Yme@zwElgoAndIzAtDAkIG-
2066,-Y@mgoIGtuDAkcrtbcl-@nsRd@ndRz-
2067,-AndSitUkAndRzh@nd-AndwcktwIDhIm-ApDAbrcdmarbAlstErz-wErsoljRzwRpostIt-@t-EvRiTRdstEp-AndTruDAm@gnIfAsAnthclz-wErkcrtiRzInsIlk-AndvElvAt-stUdboIGwErEvRhiwEnt-
2068,-fcr-lYk@znat-DemAsth@vTcthImAprIns-wEnDesc-hIzfYnk@p-
2069,-@tDAfarDREndAvDAlarjAsthcl-AtebAlwazsEt-wIDgoldAnkAps-AndgoldAnplets-InlcGroz-
2070,-anhyujsIlvRpl@tRz-wRpIrAmIdzAvtarts-Andkeks-AndrEdwYnsparkAldInglItRIGDAk@ntRz-
2071,-DAprInsEs@tdWnAndRAbluk@nApi-wIDbAlkezAvRozIz-AndSilEtAndRsIt-InA-goldAnCErbYhRsYd-
2072,-bAtyumAstnat-itwIDycrk@panycrhEdSisEd-AndwazgoIGtudegEtcf-
2073,-DAprInsEs-sRtAnliwazbyutAfAl-AndhiwUdh@vdIrlilYktubikIstbYhR-bAtDAk@p-wIChIzmADRh@dmed-hiwUdnat-gIvAp-an-EnikAndISAn-
2074,-hionliSUkhIzhEd-
2075,-wEl-bAtnWsEdDAprInsEs-AndSifIldhIzpakAtswIDkeks-AndpUthR-on-hEvigoldCenRWndhIznEk-AndbEntdWn-AndkIsthIm-
2076,-D@t-IzAvErifYnk@pyuh@z-hisEd-
2077,-soItIz-sEn@ndRz-
2078,-AndItIzmedAvmADRzbEstyarn-AndSimnItAdIthRsElf-AndEvribadi-wAnstugEtItAwefrAmi-
2079,-wIDwAnjAmp-AndRsgatWtAvhIzCEr-
2080,-hidartId-lekAn@ro-TruclDAholz-dWnclDAstErz-AndAkrcsDAyard-
2081,-histIlhEldantuItwIDboTh@ndz@zhirAStIntuhIzmADRzkatAj-
2082,-AndclhIzbrADRzAndsIstRzstUdrWnd-AndlIsAndwIDErmWnTsopAn-
2083,-bAtwEnhIzbIgbrADRhR-D@thih@drAfyuzdtugIvhIzk@pfcrAkIGzgoldAnkrWn-hisEd-D@t-@ndRzwazAstupAd-
2084,-AndhRzfesgrurEd-
2085,-bAthIzmADR-hadhImklos-
2086,-nomYlItAlfAnSisEd-
2087,-IfyudrEstInsIl-AndgoldfrAmtaptuto-yukUdnatlUk-EninYsR-D@nInycrlItAlrEdk@p-
2088,-@tDAkAnkluZAnAvDAb@GkwAd-wICwazsRvd@tfYvAklak-DAkIGEntRdhIsk@bAnAt-wErhIztelRzcrAwetIGhImfcrDApRpAsAvtrYIGanDAsElAbretAdkastumrEprIzEntIGsprIG-wICwazDArIzAltAvsomACIm@jAneSAn-Andh@dkastsomEniEfRtsAvTctuDAdIzYnRzAndcrnAmAntwRkRzAvDAkcrt-
2089,-avEriwEl-
2090,-lEthImkAmInDEmsEdDAkIGAnd@zIfkclbErh@dbInlIsAnIG@tDAdcrfcrDApRpAsAvkepIGhImsElfakcRAnpwIDAkanvRseSAn-hiEntRd@zsun@zDAkIGh@dprAnWnsthIznemtuDAtukcrtiRz-
2091,-jEntAlmAntuycrposts-wErApansend@nyanIndilRYtUkDErliv-
2092,-sRtAnlisYR-bAtYmAsth@vmAnituduD@t-uwAt-
2093,-wAtduyuminInkwYRdluOz-
2094,-hih@zgIvAnDEmwIDtumACgresnatuh@vADRstIltugIv-IfDearikwYRd-wIC@zDAkes@tDAprEzAntmomAnt-
2095,-ItIznEsAsEriDErfcrD@thiSUdkAmplY-DAkIGfrWnd-
2096,-dAzycrm@jAstiDEnnolcGgRbIlivDAdIslOAlAtEmpt-
2097,-nat@tclyuaranDAkantrErimostdAgriAbAltumi-
2098,-ycrm@jAstizpl@nDEnInDIsAfErIz-
2099,-yuwIltekDEmfrAmYprYvAtrEZR-
2100,-DAnuzsRkyAletAdwIDArApIdAtiAvlYtnIG-dUrIGItspragrEs@tk@ndAldEvRivRYAtIvkokAtri-dIzYRAndwYld@mbISAn-
2101,-DAkIGh@dkAmplitAdhIztOlAtbYnYnAklak-hiApIrdIn@nopAnk@rIj-dEkRetAdwIDbr@nCAzAvtrizAndflWRz-
2102,-DAkwinzh@dtekAnDErsitsApanAm@gnIfAsAntdeAz-crpl@tfcrm-IrEktAdApanDAbcrdRzAvDAlek-InATiAtRAvwAndRfAlElAgAnsAvkAnstrAkSAn-
2103,-sAdAnli-fcrDApRpAsAvRistcrIGpisIncrdR-sprIGAkAmpAnidbYhIzholkcrt-medhIzApIrAns-
2104,-DAsizAnz-@lYzAvsprIG-falodhImklosli-tufcrmAkwadriAlwIC-@ftRmEniwRdzAvmcrcrlEsfl@tRIGImpcrt-wazDAkAmEnstmAntAvDAd@nz-
2105,-hIzlEgz-DAbEstSekt@tkcrt-wRdIspledtugret@dv@ntIjInflESkAlRdsIlkAnhozAvsIlksofYnAndsotr@nspErAnt-D@tItsimdclmostlYkflASItsElf-
2106,-DErwazsAmTIGInhIzk@rIjwICrIzEmbAldDAbOAntmuvmAntsAv@nImcrtAl-AndhidIdnatd@nsomAC@zsimdtuscrAlcG-
2107,-yEs-ItIzsAprEst-
2108,-farfrAmItsYR-ycrm@jAstih@vIngIvAnodREkSAnzAbWtIt-DAmyuzISAns@vrItendIt-
2109,-yEsYR-AndrEdidrEstfcrDAb@li-
2110,-sYRhisEd-ycrm@jAstizmostdIvotAdsRvAntAproCAztupRfcrmAsRvAsanDIsAkeZAnwIDsAmAlRzilD@thih@zclrEdiSonanDAfildAvb@tAl-
2111,-DAkIGsimdonliplizdwIDEvriwAnprEzAnt-
2112,-mAsyRwazDAonliwAnhudIdnatAndRst@ndEniTIGAbWtDAm@tR-
2113,-DAb@libIg@n-DAIfEktwazmcrD@nbyutAfAl-
2114,-wEnDAmyuzIk-bYItsbRstsAvmElAdi-k@ridAweDizIlAstriAvst@nsRz-wEnDAsImpAlAntAtRdp@ntAmYmAvD@tpEriAdonliDAmcrn@CRAlanAkWntAvDAvEriIndIfRAnt@ktIGAvDAagAst@ktRz-h@driCtItskamAnetIGpOntAvtrYAmf-DATiAtRSUk-wIDtumAlCuAsAplcz-
2115,-dIsdenfAlAvAsAksEsAvwICm@dAmSodno@knalIjmAnt-hiTctAvnATIGbAtboldlirIgenIGDAmarkAtprEfRAnsAvDAprInsEs-
2116,-bYdIgrizclhIzh@pinAs-clhIzbrIlyAnsi-sAbsYdIdIntRrAgrEtAndAnizinAs-soD@th@zlImzlcstDErpWR-hIzarmzhAGhEvAlibYhIzsYdz-AndhIzhEdrupt@zDohiwazstupAfYd-
2117,-DAkIG-huh@dfrAmDIsmomAntbIkAmInri@lAtiDAprInsApAld@nsRIGDAkwadriAl-k@stAlAkApanhIzv@nkwIstrYvAl-
2118,-EvriwAnkUdAbzRvhIz@jAteSAnAndprastreSAn-AprastreSAnwICwaz-Indid-DAmcrImarkAbAlsInspipAlwRnatAkAstAmdtusihImwIDhIzarmzh@GIGlIstlAslibYhIzsYd-hIzhEdbIwIldRd-AndhIzYzwIDclDErbrYtIntElAjAnsbIdEmd-
2119,-ApanDIsm@dAmdentutRnhRYzl@GgwISIGlitAwcrdzDAkamt-AbzRvIG-
2120,-duyuTIGksoSirIplYdwIDIndIfRAns-
2121,-yEs-DAkErIktRwICycrOAlhYnAsAsumdIzImpRfIktharmAniwIDycron-
2122,-IksplenyRsElf-
2123,-YAludtuDAgadAs-
2124,-DAprInsEsInkwYRd-no-
2125,-SiDEnroz-hAmIGDAErtuwICSiwazprEzAntligoIGtud@ns-
2126,-DA@rApIrstAshart-AndwundAdhImcrtAli-
2127,-AkwcrtRAv@nWR@ftRwRdz-hirItRndtuDATiAtR-bAtItwIlbirEdAlibIlivdD@tItwazonliApWRfAlEfRtAvrizAnovRhIzgretIksYtmAntD@tAEnebAldhImtugob@k-crpRh@ps-fcrlAvIzDAstrenjlikanstAtutAd-hifWndD@tImpasAbAlivInturImenmAClcGgRsEpRetAdfrAmDAprEzAnsAvwAnhuh@dbrokInhIzhart-
2128,-wEnSipRsivdDAyAGm@n-Siroz-lYkAwUmAnsRprYzdAndAbIdstAvYdiASiwazdIzYrAsAvkAnsilIGfrAmhRsElf-
2129,-rImeAndY@mplcrRyu-DAivAlIGIzmostlAvli-
2130,-fIndid-a
2131,-YrImEmbRnW-AndYkAngr@CAletmYsElf-duyulAvEniwAn-
2132,-fRgIvmiYhardlinowAtY@mseIG-ATWzAndtYmzfRgIvmi-m@dAmwazrYtkwYtrYtDIsbrItAlEgzYlh@zkAmplitlitRndmYbren-
2133,-DErk@natbiAdWthirAsivdyukYndlifcrInf@kt-yurItRndwITWthIzpRmISAn-
2134,-om@dmAzEl-wYh@vYnatAdIvotAdsIstR-crAtrufrEndsAC@zyRsElf-
2135,-wAtclrEdihirDesEdtuhR-
2136,-Yh@vbInhirDIskwcrtRAv@nWR-rIplYdlAvari-
2137,-dIdnatDAd@nsIGAmyuzyu-no-
2138,-nomcrD@nDAd@nsIG-
2139,-DAvalieIzkwYtApoAtAs-sEdtoniSond-
2140,-Y@mAwUmAnAndDErarfyulYkmi-huEvRlAvzmifl@tRzmi-huEvRfl@tRzmiplizIzmi-AndhuEAbRplizIzwElsEdmontIliyudunatfInIS-
2141,-ItIztudIfAkAltrIplYdmAdmAzElditEniSoant-l@fIGlWdli-
2142,-lUkIandR-duyunatsiDAmunslolirYzIG-sIlvRIGDAtapmostbr@nCAzAvDACEstnAtsAndDAyoks-
2143,-EkskwAzAtsaftRfAvDAwUdz-DAh@pinAswICycrfrEndSIpkAnfRzApanmi-
2144,-wEl-sEdmAdmAzEldItRneSAlant-YclsoTIGkAgUdil-bAtYtekEr-
2145,-tusenATIGsEdmantAli-soDE@twEnmAdwazEldItAnISEranT@Gks-@tDAneIzDAonliwAnhunozIt-
2146,-kwIkwIkDEnAmAGDAhYrEdgr@sEdmantAle-stup@TAni-yuarsotcl-
2147,-DAyAGgRlzh@dIndidmedDEmsElvsmcl-IndidAndvIzAbAl-
2148,-SiwazhirjAstnWsEdDAkWnt-
2149,-yuarApazAtIvDEn-
2150,-yEs-DApRh@psYfrYtAndhR-InwAtwe-
2151,-hWIzItlavalEi-sEdmAdmAzEldutEnISan-D@tDAvikamptubrEgAlonspokAvyu@z-luiz-
2152,-ItsimzDAkIGwIlnatkAnsEmptuIt-
2153,-gUdgreSAs@zDAkIGEnirYtuIntRfIrInm@tRzAvD@tkYnd-
2154,-YgIvmYkAnsEnt-
2155,-oY@mspikIGsIriAslirIplYdmantAli-AndmYApInyAnInDIskesIzkwYt@zgUd@zDAkIGzYsApoz-IzItnatluez-
2156,-lEtAsrAnDEnsEdclTri-AndgresfAlilIftIGApDAlcGskRtsAvDErsIlfdrEsAz-DelYtlir@nAkrcsDAopAnspesbItwinDAlekAndDATIkAstkAvRdAvDApark-
2157,-Inf@kt-DAsWndAvm@dAmzAndDAkwinzk@rIjIzkUdbihRdInDAdIstAnsApanDAhardrYgrWndAvDArodz-falodbYDAmWntAnk@vAlIrz-
2158,-InDIsweDAfEdAvDAholkcrt-wazAfEtclsofcrDAmIstIriAsAndh@bAtAntsAvDAfcrAst-fcrsRtAnliDAdIrInDAbrek-DAfEzAntanDAbr@nC-DAfaksInItshol-wRclIsAnIG-
2159,-clAbWthImwazAtumAltAvbrYt-AndbrokAnkAlRsk@tRdIndbrcdzpl@SAz-
2160,-DAmrIg@nsRh@dAkrEstIdhEdAvirdEsAntdrinbl@k-AbrcdkalRAvlAstrAswYt-bl@k-b@k-bl@kAndwYtwIGz-wYtbEli-sYdz-fYnlipEnsAldAnbl@kAndlYt-AnAbrEst-AvrICjEstlAtrEd-striktwIDbl@k-
2161,-hIzfitwRrEd-hIzlcGnErobik-wIDItscltuTtEjAzAndSarphUpstIp-wazbrYtrEd-
2162,-bAthirhiwaz@tAtErAbAldIsAdv@ntIj@zkAmpErdwIDAWlz-hcksAndigAlz-hih@dnorEndIGfclz-
2163,-bAtsAdAnli-stritAndswIft@zAdYAvInkcrmRAnt-hiSatdWnIntuDAtcrAntAndIsApIrdbIniTDAsRfAs-
2164,wAnsfErliAwIGhWEvRhiwildInmedb@khridlifcrhIzpRC-
2165,-AndmYth@vsimdD@tAtrWtAvDIsYzwIzAfErlisAbst@nCAlmil-
2166,-bAtsACwIDhIzkiGnAsD@t-ivInwYlDAwYdfluksAvhIzIngcrjdtuvIkstAmwRstIlstIkIGWtAvDAkwcrzAvhIzbik-hIzfIrsrEdYzAvcrwAnsmcrApIrIGdWnwRdInDAbAtcrAnt-InsRCAvfrESpre-
2167,-IndIspErhihRldhImsElfdWnwRdtusun-
2168,-DAgrethckfWldhidli-tuAtrivhIzprefrAmDAgrWnd-
2169,-DAk@tgrWldscftli-pIktApDAprYzIndhRjAlzAndtratAdIntuDAbUSAz-ndtudAvWRIt-
2170,-Inf@kt-hih@djAstmInIStIt-DAl@stAvDAtrWltelh@djAstvInISwIDAsp@zAmdWnhIzstrendglAt-wEnDAb@bAldhckasYtAvhImAndswupt-
2171,-DAhck-elYtAdanDAdEdbr@nCAnds@tAprYt-moSAnlAs@zIfsRprYzd-
2172,-lYkhIzAnfcrCAnAtlItAlkAzAnDAtil-hituh@dfEltDAfIrAvdETsmItAnIntuhIzhart-AndwazhEdIGdEspRAtlifcrDArEfyujAsAmdark-ovRh@GIGb@Gk-dipfrInjdwIDAwidz-wRDAdrEdfAlYh@vDAhck-SUdnatdIsRnhIm-
2173,-DAhcks@tApanDAbr@nCAndwaCthIzkwcriswImIGbIniTAsRfAs-
2174,-clmostInstAntliyuAsfcrstuDAtap-
2175,-stretweDAhct-blYtIdfrAmhIzpRCAndartId@ftRhIm-
2176,-bAt@tdIspOntInDAr@pAjItwazImpasAbAlfcrhImtustedWn-
2177,-bAtDIsfrikwAntRAvDAhYtsAv-ErfcrclhIzs@vAjv@lR-waztrAbAld@tDAlipIGwevzInDAtcsIGfomAvDizm@dr@pAdz-hidIdnatAndRst@ndDEm-
2178,-@zhifluhIzdWnriCIGklACIGtElAntswRnath@pAyardAbAvDAfyujItIvzhEd-
2179,-wRDAwevzfc@nInstAnts@GkDekemklosR-bAtnatkwYtwIDIngr@spIGriC-
2180,-bAt@zbIfcr-DAlipIGwevzAvDAr@pAdzwRktumACfcrhIzpRsuR-AndyuwIDAebAltufl@phIzweonwRdInAklWdAvfom-oldumhAGloAbAvhIzhEd-yEthEzItetIdtustrYk-
2181,-DAhck-EmbItRdbYDAlcsAvhIzfRstkwYri-h@dbIkAmh@zdcgdIndpRsut@zAwizAl-natubiSekAncfcrAvedAdcrdIsivd-
2182,-hih@dAlatAvlYnWt-AndDApleswaznAntufrifcrAlcGk@st-bAthiwazImpeSAntudraphIzflYzAgEnanDAspatwErDAbIgfISwazfidIG-
2183,-DAl@stdrapflY@zlAkwUDh@bAt-katjAst-InDAkcrnRAvDAhcks@GgrAliompAnbik-hUkIGItsElfRmli-
2184,-@tDAsAdAnSarpstIGAvIt-DAgretbRdtRndhIzhEdAndnotAst-fcrDAfRstYmDAfISRmInst@ndIGanDAb@Gk-
2185,-DAdr@gApanhIzbikAndDAlYt-CEktApanhIzwIGzwRInEksplIsAbAltuhImAndApclIG-
2186,-DEnDAlidRpartAdfrAmDAlYn-
2187,-hizDewElkAmfIgyR@tDAgardAnpartizAvDAIlEkt-huwRclwezrEdituEnkRIjhIm-bY@ksEptIGfrisitsfcrhIzple-@ktRm@nAjRznadtuhIm-AndyIrzAlWhImtukAntrIbyut-wITWtCarj-tuh@zsImpoziAmwanDAprYsAvgalfbclz-
2188,-AndScrthibIkAmz-ApramAntfIgyR-Inl@ndAvdDAsYAti-AndIfhiIznatkErfAl-sAmbadiwIlseso-
2189,-bAtivInDAnsAksEsAldramAtIsth@zhIzmomAnts-
2190,-yuwRplemAstbinatminliA-gUdple-bAtAtsAksEsfAlwAn-
2191,-fr@GkliYk@natclwezse-
2192,-bAtsApozyusEd-YmfandAvrYtIG-mYpipAlclwezsemYlEtRzhomwRgUdInAfRpAnC-
2193,-YvgatAlItAlYdiAfcrApleAbWtAmEnAndAwUmAnAnAnADRwUmAn-And-bAtpRh@psYbEtAkEpDApatAsikrAtfcrDAmomAnt-
2194,-EnihWIzsjaliIksYtIGAndYk@ntuDAdYlcgclrYt-
2195,-lIndmicrirfcrtEnmInAts-AndyuSAlRndjAstwAtstejkr@ftIz-
2196,-AndYSUdbIgIn-wIDAScrthAmAliAn-solIlUkAwi-
2197,-hIm-tubicrnatubi-
2198,-nWDAabdEktAvDIssolvAkwiIzplen-
2199,-Indid-IrAzluSAnminDAkInWtAhEmAtsAvAlAkwi-AklEvRpleRkUdtusAmIkstEntIndAketbIholdTRdilYnz-bYAsYlAjwRkIGAvDAjab-bAt@tDAsemtYmItwUdbiYdAltudInYD@thiwUdmIsDAfYnRSedzAvDAdramAtIstminIG-
2200,-wimadRnzhWYvR-siDAbsRdAtiAvIt-
2201,-IfItbigr@ntAd-fRst-D@tDATcltsAvAsRtAnkErIktR-SUdbinontuDAadiAns-AndsEkAndli-D@tsAlIlAkwicrDAih@bAtAvmIGkIGAlWd-Iz@napAzISAntuImadRnstejtekmit-hEloSEclAsAloAklibiAbOdIdwITWtd@mAjdtuDAple-
2202,-AndsEwAn-tIlyugEtDAEndwEnAbIlyAmYtse-ayEs-crsAmTIGnankAmIdAlAvD@tscrt-
2203,-DIswUdbiIniziweAvduIGIt-bAtItwUdnatbi-DAbEstwe-fcrDAriDAnD@tItIztuizitukclAtICAntuItsElf-
2204,-AnDAoldb@dlimedplen-hItwazfrikwAntlinEsAsEriAwIrwAnAvDAkErIktRztutekDAadiAnsIntuhIzkampAnAns-
2205,-InDAmadRnwYlkAnstrAktAdple-hisImplirIGzAp@nIm@jAnErik@nfEdRAtAndtElzInwAthiIzgoIGtudu-k@dEniTIGbimcrn@CRAl-
2206,-YwEnt-dAbAlnYn-plo-
2207,-dAbAlnYntuTriElzAncr-D@dAbAlnatyEs-hAloIfD@tyuhReSo-p@mAspikIG-
2208,-YseYfAnwAndRIGAmWtDIsbIznAs-
2209,-tubicrnatubiD@t@zDAkwEsCAn-wEDRtIznobAlRInDAmYndtusAfRDAslIGzAnd@roz-wAtnoh@mlAtsbikIG-
2210,-yugevmidAbAlfYvYwAndAbAlnYn-hEloIzD@tyuhReSoh@mAtspikIG-
2211,-tubi-crnatubiD@tIzDAkwEsCAn-wEDRtIznoblR-
2212,-ItIztulEthEmlAt-IfD@th@pAntubiDAnImAlycrkErIktR-IntRwAsmcldcg-pEdf@lkAnmAGgAz-tenbErcrdEvR@nAmAlIzmostAndkiphImwIDApart-AndkAnfYdInDIs@nmAlrsACsaroz-hopscrsikrAthIstRi@zDAadiAnsh@zgatuno-
2213,-IntRhEmAt-wIDhIzf@vWrkbcrhWnd-
2214,-ledilarksbRstarsAdAnliIntRnstAwcrthIm-
2215,-larkspRbItmiAgEnDIsmcrnIGfcrDATRdtYm-
2216,-YwantugEtAwefrAm@tcl-swund-
2217,-IntRdlcrdarTRflAfInRz-
2218,-AndDEryuwarm-yuwIlAvkcrsApriSietD@tDAnpIntRsAnsAvhIz-natonlisevtYm-bAtclsomekDAmAnurIGvErimACmcrn@CRAl-
2219,-hWyumebiwAndrIGarutbIgInycrm@stRpis-
2220,-rilaptIzAndIsYlYdsflcrEstAvDAinIG-
2221,-DAtdAtRzDAvsWTbrIj-tulcrEdi-orEdiwAtdIdyuse-
2222,-DEn-lcrdtApAni-wIlwAtAbWtakSAn-
2223,-DAkrWddrIfscflivIGDAhIroAndhEroIn-AlonInDAmIlAvAstej-AndDEnyuk@nbIg@n-
2224,-DEnIzDAtYmtuIntrAdusAmilanDAstej-
2225,-AstejmilIzpapyAlRbIkczItpruvtuDAadAns@vDA@ktRz-ivInwEnkcld-CarlzholtriAd-croAnIrz-crilpibAlnjAstlYkyuAndmin-
2226,-tiplizm@Tyuz-bAtAlR-Imp@sIbli-
2227,-hostAsriplesAzlAmp-AndInklYnz-EmptitipatovRtrefcrmomAnt-DEnh@nsAmekApetAdbrWnInsYd-DAstisivIGDAdjEntAlmAnwIDAtElzgopInDApRsRkAl-
2228,-reIntRbAtlRAndTrifUtmEn-humuvdDAtiTIGz-hWsAs-tugEst-
2229,-AndnavAlzAhIroh@zcfAn-pUSthIzmilzAweAntestAd-bAtnostidRAwUduEniTIGsoAn@CRAl@zDIs-
2230,-tuwYtsarmed-AndDibrEdIzkrAmbAntwID@nErAvgretigRnAs-Indid-wAnkIlzDItInrIlYt-DAgEstwUdklACholdAvDAfUtmEnAndse-h@fAmoldC@p-Yh@vAntnIrlifInISt-bAtDA@ktRzbEtRskuldImIs-
2231,-bAtItIzDAsIgREtwICCiflih@zbrctDAmanRndramtuItsprEzAnstetApRfEkSAn-
2232,-lcrdjan-tekGWtgoldsIgrEtkesfrAmhIzlEfth@ndApRwestkospakIt-
2233,-DAbUgAslEjAsleCRnAmbRdTRdisIksmEmbRz-
2234,-DIswaz@tDAmarCIlEkSAnetinfIftifYv-
2235,-D@tsAmRzEmAgreSAnhWEvR-biIGmenlifrAmDAfristdez-gretliCenjdDArElAtIvstrEGkTAvDAtupartiz-
2236,-fcrjEnRAlsRvAsDErfcr-rikwYRIGnospESAlEfRt-DAnumErAkAlstrEGkTAvDAf@kSAnz-wazAbWtikwAl-wYlanEkstrcrdAnEriAkeZAnz-DAtuTWzAndbcrdRAfiInrIzRv-lYIGAlItAlfarDRb@kfrAmDAstetlYn-kUd@tEnitYmizAlitRndDAskel-
2237,-DAfristetmEnh@donliDErkAnvIkSAnz-DEarIntElAjAns-DErkRAj-AndDAmwcrAlsApcrtAvDAncrT-DAkAnspIrAsi-h@dItsikrAtkambAneSAn-DAtErItcriAlfISAlz-DAlEjAsleCR-DAbogAstlcz-DAkcrts-DAmAlISAcfAsRzDAprEzAdEnt-AndDAarmi-
2238,-DIswazAfcrmRAbAlReAv@dv@ntIjIz-slevRiwazpleIGwIDlodAdYs-
2239,-kAmIGbYweAvDAmAzrirIvRtWnz-hifElfRstAmAGbcrdRrAfiAndkAmp@nyAnSIpAnInfluAnsIz-AndpRh@psh@vIGhIzInklAneSAnzclrEdimoldAdbYhIzwaSIGtAnInstrAkSAnz-hIzRliImprESAnzwRdIsYdAdlei@dvRs-tuDAfristetkaz-
2240,-hIzrIsEpSAnspiC@twEstpcrtInwIChimentend-DAlAg@lItiAvDAlEjAslejR-AndhIzdItRmAneSAntuEnfcrsDErlcz-dIlYtAdhIzproslevRigadItRz-
2241,-clDAtErAtcriAldIgnAtErizwRprEzAnt-gAvRnRS@nAnprIzYdId-jankWhRn-DAsRvErjEnRAl-medDAprInsApAlspiC-AdInAnsieSAnAvDA@vAlISAnAsts-sApcrtIG-D@tupikAmuvmAnt-CifjAstAslEkcfTIGAnbYdDAkeZAnwIDApruvIGrImarks-
2242,-cldIsEnt-alnankAmplYAnsclhEzAteSAn-clmIrsYlAnsivIn-wRInDEstrcGholt@WnzlYklEvAnwRT-br@ndAd@z@bAlISAnIzAm-dIklErdtubihastIlAti-tuDApAblIkwElfEr-AndkAnIStwIDprAskrIpSAn-pRsInIlvYAlAns-IkspAlZAn-AndfrikwAntlidET-
2243,-AvDAl@nCIGz-DAmabzAndDAmRdRz-ItwUdbiImpansAbAl-IksEptInAvEriIkstEndAdwRk-tunotDAfriklAntAndAtroSAsdItelz-
2244,-DAprEzAntC@ptRzk@nonlitACApanDAmcrseliAntmuvmAntsAvDAsIvAlwcrnk@nzAs-wICh@pAli-carnats@GglAnEri-IfhWEvR-DAIndAvIjAuAl-AndmcrYsAletAdkesAzAvblAdSEd-kUdbidIskrYbd-DewUdSoAstartlIG@grAgAtAv-arb@rAtiAndAlcsAvlYfcrApInyAnzsek-
2245,-sEvrAlhAndrAdfristetm@npramptlirIspandIdtuDAsAmAnz-
2246,-ItwazInf@ktDAbEstwEpAnAvItsde-
2247,-DAlidRzAvDRkAnspIrAsibIkemdIstrAsfAlAvDErpWRtukrASDAtWn-
2248,-wAn@vhIzmAlISAjEnRAlzsAgjEstAdD@tDAgAvRnR-SUdrikwYR-DAWtlcz@tlcrAnsAndElswEr-tusREndRDASarpsrYvAlz-AnADRrot@skIGhImtukclWtDAgAvRmAntrups-@tfcrtlEvAnwRT-
2249,-DAg@DRnRanhIzpartbIkAmIGdWtfAlAvDADAg@lAti-AvEmplOIGmAzRimAlESAntuEnfcrsk@nzAzlcz-wazclsoigRtusIkyUrDAhElp-AfEdRAltrups-
2250,-SErAvjonzh@dhIzpakAtsclwezfUlAvrIts-ISudInDAspIrAtAvpRsAkyuSAn-D@twazcfAnb@fAld-bYDASarpwItsAndrEdiriscrsIzAvDAfristetpipAl-AndsAmtYmzdIfYdWtrYt-
2251,-lItAlbYlItAlhWEvR-DAl@tRbIkemhImdAndbWndInDAmESAzAvDAvEriAstIvYsAzAndprosidIGz-wICDAtErItcriAlAfISAlzIvalvd-frAmDAbogAslcz-
2252,-tuImbErAsDIsd@mAjIiIkspoZR-jAjlUkoISudArItAgEnstDAEksgAvRnR-anAfrIvAlAsCarjAvkAntEmpt-
2253,-DAInsAdAntwaznatvYAlAnt-ncrivIndrAm@tIknopasiwazsAmAndnofRDREfRtmed-AndridRfIrIGpRsInIlvYAlAnsunflEdIndIsgYz-
2254,-bAtDAfErwazm@gnAfYd-@zAkrWnIGprufd-D@tDAfristetmEn-wRInsREkSAnAsAndWtlcz-
2255,-frAmDizAgEn-spr@Gb@rAketAdAndfcrtAfYvdwElIGz-k@mpsAnskWtpartiz-fYnAlikAlmAnetIGInroDIGgRlAv@nz-h@fpartAzAnh@fprEdAtcri-
2256,-DErdIstIGktIvk@rIktRzhWEvRdIsple-wAnbrcdAndAnfelIGdIfRAns-
2257,-DAfristetmEnklAGtuDErprEritWnzAndprEriAvenz-wIDclDAabstAnAsiAndkRAj-AvtrudifEndRzAvDErhomzAndfYRsYdz-
2258,-DErAsumdkErIktRCenjd-wIDErCenjIGapRtunAtizcrnAsEsAtiz-
2259,-InDASutIGAvSErAfjonzAndlcrAnz-AndInDArAfyuzAlAvEkskAvRnRridR-tuAlWDAdEpyAtimarSAltuR@sthIm-DedIskAvRdgrevAfEnsAzAgEnstDAtErAtcriAlAndDyunYtAdstetslcz-
2260,-fUtnot-sAmcrtuS@nAn-metwElv-etinfItisIks-
2261,-prYvAtpRsAnzhuh@dlistDAfristethotEl-DenlebiscDAvEriAsATcrAtiztuprizEntDAdIstrAkSAn-AvDErprapRti-
2262,-tEndezwRkAnsRmdInDiznIGgoSieSAnz-bAtDAspIrAtAvEnjAnsrAfyuzdtuyild-
2263,-hisAmAndh@fidAzAnsItAzsEnz-tujOnhIzpasi-hufalod-obed-AndAsIstAvhIm-
2264,-hikAntInyudhIzpritEndAdsRjAndtugIv-kAlRtihIzErAnd-medtuAREst-
2265,-DAfristethotEl-AstonbIldIG-AndImEnSAnzfIftibYsEvAntifit-TristcrizhYAndh@nsAmlifRnISt-priviAsliakyApYd-onlifcrlcndIGrumz-anD@tdefcrDAfRstYmopAndItstebAlAkamAdeSAnztuDApAblIk-AndprAvYdAdAfridInRInAnRAvDAkeZAn-
2266,-@zhih@dpramAstuprAtEktDAhotEl-DAriASUrdsItAzAnzbIg@ntul@f@tDEronfIrz-
2267,-tuDErsaroDewRsunAndIsivd-
2268,-DAmIlAtErifcrs-partlir@bAl-partlicrgAnYzdh@dminwYlmuvdIntuDAtWn-
2269,-hipl@ntAdAkAmpAnibIfcrDAhotElAndIm@ndAdAzsREndR-AvDAarmzbIlcGIGtuDAfristetmIlAtErikAmpAniz-
2270,-h@f@nWRletRtRnIGAdEfirtuclrEmAnstrAns-higevDAprAprYAtRzAntIlfYvAvklak-turimuvDErf@mAlizAndpRsInIlprapRtifrAmDAfristethotEl-
2271,-@tAsAn-huh@dbInhR@GIGDAmab-pl@ntAdhIztug@nzbIfcrDAbIldIG-AndtrendDEmApanIt-
2272,-DAInmetsbiIGrimuvd-@tDeApOntAd-WR-Afyuk@nAnbclzwAfYRdTruDAstonwclz-
2273,-InDIsInsAdAnt-kantr@stIGDAkrietivAndDAdIstrAktIvspIrAtAvDAf@kSAnz-DAImAgrAntetsAsYAtiAvm@sACusAs-fYndzDIsmostanRAbAlAndtrYAmfAntbEndAkeSAn-
2274,-DAholprisidIGwIzsoCYldIS-DAmIzRAbAlplat-sotr@nspErAnt-DAWtrejsogros-@ztubrIGdIsk@stuDAbEtRkl@sAvbcrdRrAfiAndz-huwRwItnAsAzAndEksEsRiz-
2275,-rIloketAdfUtnot-gAvRnRrabAnzsAnbiIGanhIzweist-DAstimbotanwIChiwaztr@vAlIGstapt-AndlEksIGtumAzRi-
2276,-InAfyudezAndcfAsRkem-wIDArEkwAzISAnfrAmgAvRnRS@nAn-AndtUkDAprIzAnRbYl@ndAvwEstpcrtAnd@ftRwRdzfrAmDErtuk@nzAsItiInlEvAnwRT-
2277,-hIriwazplesInDAkAsAtiAvk@ptAnmartAn-AvDAkIkApurenjRz-hupruvdAkYndjelR-ImAtIriAliAsIstAdInprAtEktIGhIm-frAmDAdenjRAsIntEnCAnzAvDAmab-wIC@tD@tYmhWllEvAnwRTAndRDArenAvtErR-
2278,-k@ptAnmartAnsEd-YS@lgIvyuApIstAltuhWprAtEktyRsElf-IfwRskAmztuwRst-
2279,-InDARlimcrnIGAvDAnEkstdemetwEntinYn-AkAmpAniAvdr@gAnzwIDwAnEmptis@dAlkemdWnfrAmDAfcrt-AndwYlDAproslevRimEnstIlslEpt-DAprIzAnRAndhIzEskcrtwRanDErweAkrcsDAprEriztulAkamptAnt-InDACarjAvcfAsRzAvDAyunYtAdstetsarmi-
2280,-DoTronIntuprIzAnfcrDIsEntRprYzAndItendsAmtYm-hiwaznat-dIskRIjd-bAtstIlkAntInyud-bYhIzkWntAnzAndprAtEkSAn-tuInfyuzspIrAt-IntuDAdIstrEstrOAlAsts-
2281,-AmAGnADRpRsAnzAvdIstIGkSAnhuyunYtAdDEmsElvztuhIm-wazlcrdnepirAvmRCAstAn-sAnAvDAfemAsInvEntRAvDAlogrIlumz-AparsAntuhumDAtYtAlAv-Agretm@n-IzmcrjAstlidu-DEntuEniADR-humhIzkAntri-EvRprAdust-
2282,-wYlDAfcrmRfcrtold-D@tDAskAtISkAvAnantRz-wrsikwrItlifcrmIGAyunyAnwIDAIGglISparlAmAnt-And-InkAlketAdDAnAsEsItiAvprIvEntIGDEmbYsAmvIgRAsAndRtekIG-Al@tRstIlInsIstAd-D@tEvRisACAtEmptwUdprIsIpItAtDEmIntumEZRztuwICADRwYzDewRnat-pRh@psInklYnd-
2283,-DAkIGzIrzwRnWopAndtumontrosAzkWnsAlz-huprApozdnAnbAtDAboldAstAndmostdErIG-AgriAblituDAdEsprItstetAvDArOAlklzInskatlAnd-
2284,-fYvhAndrAdmEnmcr-huh@dbInlEvidbYDAkAvAnEntRz-wRpRswedAdtuEmbresDArOAlklrz-AndwIDIskAmbYndfcrshihesAnd-tuAt@k-lcrdElko-huleAdpRTwID@narmiAvsIksTWzAndmEn-AsEmbAldApanDAfRstnuzAvDAYrISInveZAn-
2285,-drEdIGDAsupIriRpWRAvWRgYl-huh@vIGjOndhIzv@sAlztuAfcrslEvidbYDApAblIk-wazAproCIGwIDAkAnsIdRAbAlarmi-mantroz-hesAndncrTwRd-IncrdRturWsAgEnDAmakiAvhAntliAndDAgcrdAnz-huh@vIGbIfcrhestAditekAnarmz-h@dbInInstAntlisAprEstbYDAkAvAnAntRz-
2286,-DIsnobAlmAnzkWrIAtR-DosEtAbrYtAdfrpAlItAkAlkRAjAndkandAkt-wazvErilofAmInAtEriprWAs-AndcftRsAmskRmISIz-InwIChiwazwRstAd-hihirAlWdmantroztuIskephIm-
2287,-bYkwIkmarCuzTruDizInAksEsIbAlmWntAnz-D@t-jEnRAlfridhImsElf-frAmDAsupIriRfcrsIzAvDAkAvAnEntRz-
2288,-wIDizAndsAmriInfcrsmAntsAvDAETomEnAndmUkdmAldz-humhih@drikold-mantrozfElsAdAnliApanWRgYlzkAntri-AndlEtlusApanIt-cldDArejAvwcr-k@riIGcfDAk@tAl-bRnIGDAhWsAz-AndpAtIGDAInh@bAtAntstuDAscrd-
2289,-DIsIvErItibYwICmantrozsAlithIzvIktRiz-wazDArIzAltAvprYvAt@nAmosItiAgEnstDACiftAn-@zmAC-@zAvzilfcrDApAblIkcaz-WRgYlkAlEktIGTriTWzAndmEn-marCtInkwEstIvDAEnAmi-huh@drItYrdwIDrplumdR-Andhile@tInRlaki-sApozIGhImsElf-stIl@tAkAnsIdRAbAldIstAnsfrAmDEm-
2290,-bYAkwIk-AndAnIkspEktAdmarC-mAntrozhesAndtuInRlaki-AndprizEntAdhImsElfIncrdRAvb@tAl-bIfcrDAsRprYzd-bAtnatAfrYtAndkAvAnAntRz-
2291,-hIzkandAkt-AnprEzAnsAvmYnd-InDAsImRjAnts-ApIrdkAnspIkyuAs-
2292,-mAntrozwik-InkavAlri-hirlYndhIztrupsAvhcrswIDInfAntri-And@ftRpAtIGDAEnAmizhcrsturut-fElwIDyunYtAdfcrsApanDErfUt-huwRIntYRlikAtInpisAz-D@twIDAlcsAvDA-g@lAntlcrdgcrdAnanDApartAvDArOlAsts-
2293,-frAmDAsemEnnirEjAmAntsAndnukAmpAnizwRfcrmd-dIfRAntcfAsRzApOntAd-AndDAholmInAtErifcrspUtIntusACh@ndz-@zDAIndIpEndAnskUdrIlYAn-
2294,-bIsYdz-mEmbRzAvparnAmAnthuwRIksgludAd-mEniAlfIsRzAnwIlIGtusRvAndRDAnujEnRAlz-TruApDErkAmISAnz-AndDEnwErIli-fcrsIdAtetAdDAprajEktAvpAtIGDAarmi-IndtRliIntuDAh@ndzAvD@tf@kSAn-
2295,-DeDAdIsAplAnAvDAfcrmRpalAmEntRiarmiwaznatkAntEmptAbAl-AmcrIgz@kt-pl@n-wazIntrAdust-AndrIgRAsliEksAkyutAd-bYDiznukAmandoz-
2296,-v@lA-Indid-wazvErijEnRAlidIfyuzdovRDAwAnparti@zwEl@zDADR-dUrIGDIspIriAd-dIsAplAnclsowazAtendbYDAfcrsIzAvDApalAmAnt-bAtDApRfEkSAnAvDAmInAtEri-arkt-InkAnsRsIGDAjEnRAlpl@nzAv@kSAn-AndDAapReSAnzAvDAfild-simzstIlanboTsYdztuh@vbIn-InAgretmEZRwAntIG-
2297,-hIstcriAnz@tlist-pRh@psfrAmDEronIgnRAnsAndInIkspIriAns-h@vnatrImarktEniTIGbAtAhEdlcG-ImpICuAskandAkt-iCpartihRiIGtuAb@tAl-wERv@lRAndfcrCAn-Cifli-dItRmAndDAsAksEs-
2298,-hip@stTruhEnAli-sInt@lbAndz-AndkemsonIrtulAndAn@zhEroanDAhIl-
2299,-DAskatIS-jEnRAlzAndkAmISAnRzIfEktsAdgretsRprYzanDApIrAnsAvDAkIG-AndDoDepedhImonlDi-IkstIriRrIspEkt-dutuhIzdIgnAti-DeInstAntlisItAgadApanhImAndRkAlRAvprAtEkSAn-AndmehImInri@lAtiAprIzAnR-
2300,-DeInfcrmd-DAIGglISpalAmAnt-AvDIsAnIkspEktIdInsAdAnt-AndASUrdDEmD@tDeh@dEntRdIntunoprYvAtritiwIDAkIG-
2301,-crh@Thi-gIvAnAsEnidIft-
2302,-AndDAmEnAvIzreAlWnsEdDAmEnAvjudA-AndsEd-wih@vtEnpaktsInDAkIG-Andwih@vclsomcrYt-IndevIdD@nyi-wYDEn-dIdyidIspYzAs-D@tWR@dvYsSUdnat-bifRsth@d-InbrIGIGb@kWRkIG-
2303,-AnADRpriCR-AvturiproCIGhImtuhIzfeswIDhIzmIsgAvRmAnt-crdIdDIsAmtubisAm-
2304,-DAkIGstUdAp-AndkcldfcrD@tsAm-wICbIgInzwIDizwRdz-
2305,-h@vnarsilcrdanmiYpre-fcrmEnwUdmidIvWR-
2306,-DAgUdneCRdodiInzInpItitufUlAndm@jAsti-SodfcrlwAnsgrYthRdEfRAnstuDAkIG-D@ntuDAmInAstR-AndsAGDAsam-wICDAfcrmRh@dkoldfcr-
2307,-DAparlAmAnt-AndDAskatsletDErprApozAlzbIfcrDAkIG-
2308,-bIfcrDAsEtAlmAntAvtRmz-DA@dmInIstreSAnmAstbipAzEstIntYRlibYDApanAmAntsAvboTkIGdAmz-AndhWInkamp@tAbAlD@tskimwIDAlIbRtiAvDAkIG-IzizAliIm@jAnd-
2309,-DAIGglIS-ItIzEvAdAnt-h@dDenatbiIGpriviAsliASudAvrAsivIGDAkIG-wUdnEvRh@vpartAdwIDsokAnsIdRAbAlAsAm-AndwYlDewikAndDEmsElvz-bYDAsemEZR-h@vstrEGkTAndupipAlwIDhumDemAstcftuwRdz-h@vsomAtIriAl@nIntrAst-tudIskAs-
2310,-IfEnistIlrItenr@nkarAgEnsthIm-InhIzprEzAntkAndISAn-Dep@stInsYlAns-wYlhIzwElwISRzmcrjEnRAsD@nprudAnt-AkAmpAnidhIzmarCwIDtErz-wID@klAmeSAnz-AndwIDprErzfcrhIzsefti-
2311,-hIzdET-InDIskAnjAkCun-wazApAblIkmIsfcrCAn-
2312,-DAn@lAsAsAvnalAjwIlakyApYAsAntIlDAEndAvDATRtinTlEkCR-AndIzDAmostdIfAkAltpart-AvWRholEntRprYz-
2313,-wAtIzkcld-pRsEpSAn-dIfRsfrAmsEnseSAnbYDAf@ktD@tDAsEnseSAnAlEngridiAntsbrIGAphAbICuAlAsosiAts-EmAjAzAndEkspEkteSAnzAvDEryuZAwAlkcrAlAts-clAvwIC-arsAbjEktIvliIndIstIGgwISAbAl-frAmDAsEnseSAn-
2314,-wEDRcrnatDIsprInsApAl@zlYAbAltuIksEpSAnz-EvriwAnwUdAgriD@tIth@zAbrcdmEZRAvtruT-DoDAwRdIgz@ktlimYsimAnovRstetmAnt-AndItmYtsimcrkREktuse-D@tYItIz-ApraksAmAntli-rEprAzEnt-ImprESAnz-
2315,-AndwAtAscrtAvEvAdAnsIz-lajIklipasAbAl-
2316,-DErIznolajIkAlImpcsIbIlItiAndDAhYpaTAsAs-D@tDAwRldspr@GIntubiIG-fYvmInAtsAgo-Igz@ktli@zItDEnwaz-wIDApapyAleSAnD@t-rImEmbRd-Aholi-Anril-p@st-
2317,-clD@tY@mduIGIztuyusItslajkAltAnAbIlIti-@zAhElpInDAn@lAsAsAvwAtAkRz-wEnwirImEmbR-
2318,-DAbIhevyRAsthuAtEmptstumeksYkalAji-ArEkRdAvbIhevyR-h@ztutrAsthIzmEmRiAndmekIGvDArEkRd-
2319,-h@bAt-IzAkansEptImvAlvIGDAkRAntsAvsImAlRIvEnts@tdIfRAntYmz-IfDAbIhevRAstfIlzkanfAdIt-D@tDErIzsACAfAnamAnan@zh@bAt-D@tk@nonlibibIkczhitrAstshIzmEmRi-wEnItIzSUrzhImD@tDErh@vbInADRtYmz-
2320,-bAtYdunatTIGksAC@nEfRAns-IzwrntAd-
2321,-WRkanfAdAnscrl@kAvkanfAdAnsInDA@kyRAsiAvAmEmRiImAj-mAst-InfAnAmEntAlkesAzbibest-ApanAkErAktRIstIkAvDAImAj-ItsElf-sIns-wik@natAvokDAp@stbadAli-AndkAmpErAtwIDAprEzAntImAj-
2322,-wisAmtYmzh@vImAjAzD@tarbYnomenz-pIkyulyRliveg-wICyEt-widunatrAst-fcrIgz@mpAl-AndRDAInfluAnsAvfAtig-wimesiAfrEndzfes-vIvAdliAndklIrli-bAt-hcrAblidIstcrtAd-
2323,-sAmImAjAz-lYksAmsEnseSAnz-fIlvErifAmIlyR-wYlADRzfIlstrenj-
2324,-fAmIlyErAti@zAfIlIG-kepAbAlAvdIgriz-
2325,-In@nImAjAvAwElnonfesfcrIgz@mpAl-sAmpartsmefIlmcrfAmIlyRD@nADRz-wEnDIsh@pAnzwih@v-mcrbIlifInDA@kyRAsiAvDAfAmIlyRparts-D@nInD@t-AvDAnfAmIlyRparts-
2326,-YkAmnWtuDADRkErAktRIstIkwIC-mEmRiImAjAzmAsth@v-IncrdRtuAkWntfcrWRnalAjAvDAp@st-
2327,-DemAsth@vsAmkErAktRIstIk-wICmeksAsrAgardDEm@zrAfRIGtu-mcrcrlEsrImot-pcrSAnzAvDAp@st-
2328,-In@kCAwAlf@ktDErar-dWlAs-vEriAsf@ktRzD@tkAnkRIngIvIGAsDAfIlIG-AvgretRcrlEsrimotnAsInsAm-rImEmbRdIfIt-
2329,-DErmebiAspAsIfIkfIlIGwIC-kUdbikcldDAfIlIGAvp@stnAs-AspESliwErImidiAtmEmRiIzkAnsRnd-
2330,-DErIzAvkcrs-AdIfRAnsbItwinnoIGDAtEmpRAlrileSAnAvArImEmbRdIvEntuDAprEzAnt-And-noIGDAtYmcrdR-AvturImEmbRd-IvEnts-
2331,-ItwUdsim-D@t-onlir@DRrisAntIvEntsk@nbiplest@tcl@kyRAtli-bYminzAvfiIlIGzgIvIGDErtEmpRAlrileSAntuDAprEzAnt-bAt-ItIzklIrD@tsACfIlIGz-mAstple@nIsEnSAlpart-InDAprasEsAvdetIGk-rImEmbRdIvEns-
2332,-Ifwih@drItendDAsAbjIktcr@kt-InalAj-DAholprablAmAvmEmRiwUdh@vbInkAmpErAtIvlisImpAl-
2333,-rImEmbRIGh@ztubiAvprEzAntAkRAnsInsAmwerIzEmblIGcrIletAdtu-wAtIzrImEmbRd-
2334,-sAmpOntsmeritekAnYzfIkstAnd-sAC@zEniTIriAvmEmbRimAstRYvh@t-
2335,-InDIskes-@zInmostADRz-wAtmebitekAnAzsRtAnInAdv@nsIzr@DRve-
2336,-DAfRstAvWRvegbAt-IndIbAtAbAldetA-IzD@tDErIznalAjAvDAp@st-
2337,-wimYt-prAvIZAnAliDopRh@psDatkwYtkREktli-tufYn-mEmRi-@zD@twehAvnoIGAbWtDAp@stwICh@zno@nAlcgInWRnalAjAvDAfyuCR-sACAdEfAnISAnwUd@tlistsRvdtumarkDAprablAmwIDwICwiarkAnsRnd-DozsAmEkspEkteSAnzmedIzRvIt-tur@GkwIDmEmRi@zrIgardz-ImidiAsi-
2338,-DIsdIsIGkSAnIzvYtAl-tuDAndRst@ndIGAvmEmRi-bAtItIznatsoizituk@riatInpr@ktAs-@zItIztudrcInTIri-
2339,-Agr@mAfonbYDAhElpAsutAbAlrEkRdz-mYtrIletuAsDAInsAdAnsAvItsp@st-And-pipAlarnatsodIfRAnt-frAmgr@nAfAnts@zDelYktubIliv-
2340,-Yk@nsEtuwRknWturImEmbRTIGzYnEvRrImEmbRdbIfcr-sAC@zwAtYh@dtuifrbrEfAstDIsmcrnIG-AndIk@nhardlibiholih@bAt-D@tEnebAlzmituduDIs-
2341,-DAf@kt-D@tAm@nk@nrIsYtApoAm-dAznatSoD@thirImEmbRzEnipriviAsAkeZAn-anwIChih@zrRsYdAd-crEdIt-
2342,-sImAnztubUks-mEnSAndIn@nRliRlEkCR-dunatAC-nalAjmEmRi-@t-clklosli-
2343,-DegIvlczAkcrdIGtuwICEmAjAzAvp@stAkRtsh@zkAmIntuWRmYndz-bAtdunatdIskAs-WRbIlif@tDizEmAjAzrAfRtup@stAkRAnsIz-wICIzwAtkanstAtuts-nalAjmEmRi-
2344,-ItIzDIs-D@tIzAvIntrAstuTIriAvnalAj-
2345,-ItIzbYnominzclwezrIlYAbAl-clmostEvribadih@z@tsAmtYmIkspIriAnstDAwElnonIluZAn-D@tclD@thIzh@pAnIGnWh@pAndbIfcr@tsAmtYm-
2346,-wEnEvRDAsEnsAvfAmIlyErAtiAkRzwITWtAdEfAnAtAbjEkt-ItlizAstusRC-DAInvYrmAnt-Antolwiars@tAsfYD@twih@vfWndDApropriAtAbjEkt-wIC-lidzAstuDAjAjmAnt-DIs-IzfcrmIlyR-
2347,-DAs-nonalAj-@ztuDAp@st-IztubidRYvdfrAmDAfIlIGAvfAmIlyErAti-Alon-
2348,-AfRDRstejIz-rEkAgnISAn-
2349,-rEkAgnISAnInDIsEns-dAznatnEsErAliInvalvdmcrD@tAh@bAtAvAsosieSAn-DAkYndAvAbjEktwiarsiIG@tDAmomAnt-Iz-AsosietAdwIDAwRd-k@t-crwID@nadAtcRiImAjAvpRIG-crwAtEvRADRkErAktRIstIk-wimeh@pAnturEkAgnYzInDAk@t-AvDAmomAnt-
2350,-wiarAvkcrsInf@kt-ebAltujAjwEnwirEkAgnYz@nAbjEkt-D@twih@vsinItbIfcr-bAtDIsjAjmAntIzsAmTIG-ovR@nAbAvrEkAgnISAn-InDIs-fRstsIns-AndmevEriprabAbtli-biImpasAbAltu@nAmAlzD@tnEvRDAlEsh@dDAIkspIriAnsAvrEkAgnISAn-InDIs-fRstsInsAvDAwRd-
2351,-DIsnalAjIz-mEmRiInwAnsEns-DoInAnADRItIznat-
2352,-DErarhWEvR-sEvrAlpOntsInwICsAC@nAkWntAvrEkAgnISAn-Iz@n@dAkwAt-tubAgEnwID@tmYsimAfRstsYtmcrkREkt-tudIfYnrEkAgnISAn@z-Yh@vsinDIsbIfcr-D@n@z-DIsh@zIgzIstAdbIfcr-
2353,-DAdEfAnISAnAv-mYIkspIriAns-IzdIfAkAlt-brcdlispikIG-ItIzEvriTIGD@tIzkAndEktAdwIDwAtY@mIkspIriAnsIGnW-bYsRtAnlEGkTsAvwIC-DAvEriAsfcrmzAvmEmRi-arAmAGDAmostImpcrtAnt-
2354,-DAs-IfYrEkAgnYzDATIG-DAkeZAnAvItspriviAsEgzIstAnsInvRCuAvwICYrEkAgnYzIt-fcrmz-partAv-mYIkspIriAns-bYdEfAnISAn-rEkAgnISAnwIlbiwAnAvDAmarksbYwICmYIkspIriAnsIzsIGgAldWt-frAmDArEstAvDAwRld-
2355,-Avkcrs-DAwRdz-DIs-h@zIgzIstAdbIfcr-arAvEriIn@dAkwAtr@nzleSAnAvwAt-@kCAwAlih@pAnzwEnwifcrmAjAjmAntAvrEkAgnISAn-bAtD@tIzAnAvOdAbAl-wRdzarfremdtuIksprEs-AlEvAlTct-wICIzbYnominzprRmAtIv-And-arkwYtAndkepAbAlAvIksprEsIGsAC@nElAmEntRiAkRAns-@zrEkAgAnISAn-
2356,-YrImenDErAlonfcrmEniWRz-bAtYmAstAknalIzD@tbIfcrYlEftDACembRzYh@dgr@juAlibrcmYsElftulUk@tDAm@tRAndAnADRlYt-
2357,-h@divRkrcswElarnatbIngUlUkIG-h@dj@kAndstIlAkalIj-h@dsRkEnYGtAnoDorImendInIGglAnd-h@dmIstRbAnIt-AndDAbarkipRnatsAksidAdAndstapIGmYk@rIjanDAhIl-SUdYh@vsAksidAdInArejiGfcrDAfYnAlDAparCRAvmYoldfrEnd-
2358,-anRYvIG@thom@tmYonrEzIdAns-YfWndD@tWRsAlanwazfIldwIDAbrIlyAntkAmpAni-
2359,-@zYspok-YmedhIm-AgreSAsbW-AndYTIGkYSodhImbYmYmodAvAdrEs-D@tYdIdnatbErEnigrAj@ztumYIndAvIjAwAlsElf-
2360,-Yh@vkAmtuycrSUrzmIstRprEzAdEnt-wIDApRpAsAvsiIGhWTIGzarprAprEsIG-InDIsdIsInkwcrtRAvDAwRld-
2361,-wih@vWRlItAlSrAgAlzhirIzElswEr-AndclTIGzk@natbidAnbYrozwctR-
2362,-wiarkwYts@tAsfYdnWk@ptAnb@tAl@ksEdmYwYf-
2363,-kwYts@tAsfYsEdivR-
2364,-DAlediz-AndkAmplYAntswID@tscftnIsAvhart-wICIzDErkErAktRIstIk-aranwAnsYd-AndDAmEn-bYhumDAwRld-h@ztubim@nAjdcranDADR-
2365,-nodWt-InprasEsAvtYm-DAledizwIlfalo-
2366,-DErm@stRsEdmIsIznEvRbEnd-
2367,-YdIdnatmin-sEdk@ptAnb@tAl@ks-DAtACApanpAblIksAbjIkts@tsACAmomAnt@zDIs-
2368,-mIsIznEvRbInyumAstIntdidbiprWdAvycrsAn-
2369,-j@kh@vInst@ndIGInDAfcrkcrnRDArumtckIGtuivR-AYwaznWrAdustusYlAnsbYhIzprezAz-
2370,-sRkEnIGtAnovAlIzAvErifYnpleRsEdmYwYf-
2371,-Y-AndmYwYfAndsAnAndDAtukrEswElRz-AndTricrfcrADRzAgritudYanbcrdDASIpt-anDAnEkst-
2372,-DIsYfEl-wazpedtumi@zbiIGprEzAdEntAvDRrIpAblAk-AndYIndEvRdtubIhevmYsElfwIDsACmIGgAldhyumIlItiAndIgnAti-@zmYtbifItDAkeZAn-bAtYkUnatbAtfilD@tsAmTIGwazwantIGtuDAsImplIsAtiAvmYcrdAnErilYf-
2373,-mYwYf-anDAspRDAmomAnt-m@nAjtugIvDAjEntAlmInAvErigUdInR-
2374,-DIsSisEdwaztruhaspAt@lAti-AndY@mnatSUrD@tYdIdnatAgriwIDEr-
2375,-DEnDErwRTricrfcrlidIGmEnAvDAkAmyunAtiwIDErwYvz-huarfcrDAmostpartDAfaDRzAndmADRzAvDAyAGlediz-
2376,-oyEsEj@k-AndYmnowEr-
2377,-bAtYmintuh@vmYEnIGzbIfcrlcG-
2378,-AvwAtmIsIznEvRbInh@dgcnTruInprAvYdIG-bRgzbistsAndfISAz-natutckAvtartsAndjElizfcrDAdInRAvD@tde-nowAnbAtmYsElfk@nh@vEniYdiA-bAtItmAstbiAdmItAdD@tSiAkamplISthRt@sk-wID-TaRosAksEs-
2379,-wis@twIDAcfAsRsAmlItAltYm@ftRdInR-AndDEnwEntASUr-
2380,-hWmACAvivAl-AvrilAkamplIStivAl-h@dDErnatAkRdtumidUrIGDAl@stfyudez-
2381,-wilkUnYdunWbAtjAstlemYsElfdWnAndY-
2382,-AndDAdETAvwICYdrEmkUdnatAl@s-
2383,-wEnDIsk@ptAnSUdh@vtekAnhImsElfAndhIzvEsAlb@ktuIGglAnd-YwUlrItYrtuAsmclfarm-wICYpAzEst@tDAfRDRzsYdAvDAYlAnd-AndDErInsIkluZAnwAtYEnmYdez-
2384,-j@kwUdbIkAmivIzh@pihAzbAnd-AwUdrImenAmIst-DAhRidutizAvDAigRwRld-
2385,-TIGkIAvclDIs-YwEntAslip-
2386,-mIstRnEvRbEnd-bIg@nDAk@ptAn-AndYAbzRvdD@tAptuD@tmomAnt-hih@djEnRAliAdrEstmi@z-prEzAdEnt-DEk@natbidInYD@twih@vkAmhir-an@nAnplEzAntmISAn-
2387,-yuh@vrAsivdAswIDclD@tkRtAsiInhaspAt@lAti-fcrwICycrkErIktRInIGglAn-st@ndsohY-
2388,-ItIzAduti-sEdY-
2389,-bAtycrpWRIzsosupIrRtuEniD@tYk@nAdv@ns-@ztumekAshirfilD@tDErIznodIsgrestAnyildIGtuIt-
2390,-natAdW-bAh@dycrfcrsbInonlidAbAl-crtrAbAlWRon-YSUdh@vfWnd@tmYdutituStrAgAlwIDyu-
2391,-D@tIzclkwYtrumIstRnEvRbIn-sEdsRfRdIn@ndobrWn-
2392,-Yk@nAfcrdtusmYlbIkczY@m@bsAlipErlAsbIfcryu-bAtYdunaDAlEsfil-D@tInAm@tRAvwICDApragrEsAvDAwRldIzkAnsRn-Y-cr@DRwi-h@vbInpUtdWnbYbrutfcrs-
2393,-yuh@vkAmtuAsTrEtAnIGAs-wID@bsAlutdIstrAkSAn-
2394,-DErfcr-YfyumYsElfkwYtebAl-@zprEzAdEntAvDIsrIpAblAk-turAsivyuwIDAkRtAsidutuDAsRvAntsAvAfrEndli@lY-
2395,-Yk@nASUryu-hih@znativInAlWdmitusiDAtrIgR-sInsYh@vbInanbcr-
2396,-DEn-sEdsRfRdn@ndo-DErIznATIGfcrt-bAtD@twimAstekyuwIDhIm-
2397,-DErkemApanmiAsAdAnSatwEnYhRdDizwRdz-wICIksidAdEniTIGwICYh@dyEtfEl-
2398,-yuhirwAtsRfRdIn@ndAbrWnYsEdrIplYdk@ptAnb@tAl@ks-
2399,-bAtwAtIzDAdElIkAtmISAn-Y@skt-
2400,-YwaztubitekAnAweAndk@ridtuIGglAnd-crElswEr-crjRWndApanDAvOAjm@tRdnatwIC-
2401,-DEn-DArIpAblIkApprInulA-waztubidIklErd@snanEgzIstAnt-AndDAbrEdISfl@gwaztubiIzcltAn-AndAprItISgAvRnRAndstcldDInDAIgzEkyAtIvCembRz-
2402,-yumebikwYtScrtsDErsEdk@ptAnb@tAl@ks-AndD@tYk@n-soyuzIt-@ztuh@fAblItRetycrtWnwIDIntumInAtsAvmYrItRnanbcrd-
2403,-yuprApozdtukItnatmiYsEd-
2404,-wEtwibIkAmwAvycrgAn-crYtuk@natyu-
2405,-lutEnAntkrcstRiz-IzAvErig@lAnt-cfAsR-
2406,-wAnAvAsclwezrImenzanbcrdwYDADRIzanSUr-
2407,-wAtwRldwYdInIkwItisACAspiC@zD@tdIsklozIzsEdY-stIltRnIGmYsElftuDAk@ptAn-fcrDoYwUdh@vkrASDEmboTbYmYwRdzh@dIpbInpasAbAl-mYjIstlYfsEntRdItsElfansRfRtm@ndo-
2408,-yuwIlWmitusAgjEstsEthi-bAtD@tIzAm@tRAvApInyAn-
2409,-wRYtukAmplYwIDycrcrdRzwID@tIksprEsimYonApInyAn-YSUlsimtuh@vdAnsowIlIGlihir@ftR-
2410,-DAlEtRr@n@zfaloz-
2411,-sR-Yh@vInkAm@ndtuInfcrmycrEkslEnsi-D@tyuh@vbInApOntAdgAvRnRAvDAkrWnkarni-wICIzkcldbrItIGyulA-
2412,-DApAkyulR-sRkAmst@nsAzAvDAkWniarwIDInycrEkslEnsiznalAj-
2413,-bAtInDErsAlEkSAnAvAkanstAtuSAn-DAbItIGyulAsth@vAnfcrCAnAliAlWdDEmsElvzbAtwAndIlIbRAtAsEmbli-AndhEns-h@spr@GDErprEzAntdIfAkAltiz-
2414,-ItIzfWndInanDA@knalIjwiknAs-AvDozhusRvYvD@tpIrdAvlYf-@twICmEnsistuwRk-
2415,-bAtItIzsRmYzd@tyuwIlfYndIfAkAltizAndDAweAvycrEntRIG@twAnsApanycrgAvRnR-
2416,-DAjanbrYtIzarmwIDAwEpAnAvgretpWR-AgEnst-wICItIzImpasAbAlD@tDApipAlAvbrItAnyuloSAdprRvel-
2417,-yuwIlk@riWtwIDyuwAnhRdrAmEnAvDAncrTncrTwEstbRnIGh@mrEjAmAnt-wICwIlprabAblisAfYs-fcrycronskyURAti-@zItIzTctD@tIfmIstRnEvRbIn-biwITdrcn-DApipAlwIlrIvRizAlituDEroldh@bAtsAvobidiAns-
2418,-wEndyuIntEndD@ntDAjanbrYtS@lstart-
2419,-tude-YSWtAd-
2420,-AndYh@vnowAnrEdituhumYk@ngIvApDAarkYzAvDAgAvRmAnt-
2421,-YS@lbih@pitutekCarjuvDEmsEdsRfRn@ndo-
2422,-DeAvkcrs-mAstclbictR-
2423,-crAvDAh@bAtsAvWRpipAl-ItIzkwYtImpasAbAl-
2424,-ycrpWRIzsAfISAntYsEd-
2425,-IfyuwIlgIvAsycrpramAstumikEtDEm@dAl@ktshir@tDIstYmtumaro-wiwIlstrECApOnt-AndIleDAdIparCRAvDAjambrYtfcrtwEntifcrWRz-
2426,-AndDIspl@nwazAdaptAdtu-IndcrdRtuIkstr@kfrmiApramAsD@tYwUdIpartInpis-
2427,-DIswazwAtdIdDAmIsCAfsofar@zDArAnIGAwewazkAnsRnd-
2428,-ItIzhardlinEsAsEritusemcrAvDEmhir-
2429,-frAmDAm@nRInwICSiIksprEsthImsElfwIDhRgardturabRthalAnd-nom@nInDAholr@njAvhIzrEkAloSAnzwIlbilcGgArImEmbRd@nhi-hIzInTromAndwYlAndRhalAndwIlhardliEvRbifRgatAn-
2430,-AvDIsparti-EdwRdAbOAvsEvAntin-kcldfcrTmACsImpATihituwazklemdbYhalAnd-
2431,-janwEstlikAmb@S-jekAbtelR-AndtamAsEdwRdskInR-
2432,-AfyuyIrzb@kwAnAvDErzlevz-AkoCmAn-wazkEptanDAkoCbakswAnkcldnYtwEnDewRWt@tAbcl-AntIlhibIkemclmostfrozAntudET-Inf@kthidIdYInDAInfRmRifrAmDAIfEktsAvDAfrcst-AbWtwAnwik@ftRwRdz-
2433,-DAdaktRhuAtEndAdDAEnjAdkriCRInDIsgeswazsImplitoldD@tSislIpt-AndfWndWnDAstErz@zSiwazkAmIGdWn-
2434,-AnADRkesEdjanwEstli-wazAlItAlgRlh@fgronhuwazwaSIGwIndozApstErzwAnde-AndAnlAkAlifElAslipInDAwIndo-AndInDIsfAzISAnwazfWndbYhRmIstrAs-InRejdD@ndmIstrAshih@dhRAhEvisl@p-nakthRWtAvDAwIndo-AndSifEldtuDApevmAnt-AndYdInAfyuWRzfrAmDAIfEktsDErAv-
2435,-@zyuZAwontnATIGwazdAnInDAwYAvpAnISmAnt-
2436,-YnEvRnuAfbAtwAnm@nhukUdEvRplizhIm-
2437,-hiwRktmivErihard-hiwantAdtubibitIGmiclDAtYm-
2438,-SiwazAlarjhomliwUmAn-DewRkamAnwYtpipAl-waznorEpyAteSAnInDAkAmyunAti-
2439,-sAbst@nSAliIzwazjEgIvzAnvarnIStdIskrIpSAnAvhIzm@stRAndmIstrAs-
2440,-@zhuhIzejAndclsoDAnemAvhIzm@stR-jEkAbstetmAntvEridsAmwAtfrAmDA@dvRtAzmAnt-
2441,-AvstartIG-YdIdAntnoDAwetukAm-
2442,-ItsclmostbIandkAnjEkCR-
2443,-DIsri@lAtibIgInztuIksplenDAdarkpWRAndADRwRldlif@sAneSAnAvtwEntiTWzAndligzAndRDAsiT-
2444,-fRst@zApErAstatbrokR-letR@zAsElAbretAdcTRAndyadzmAnhiwEntanfrikwAntvcrIjAz-tubrItAn-AmErAkA-DAmEdAtReniAn-
2445,-nEmobIldzAf@byAlAsfyuCRIstIksEbmRin-DAnctAlAs-D@nkandAkts@nAndRwctRk@mpenAvEnjAnsAgEnsthIzImpIriAlAstAprEsR-
2446,-InclDAnavAlhEdAdIfAkAltjAsteSAn-
2447,-ADRsAtAltizAkRInsYdiCEpAsod-DAtEksCRzsparklIGwIDwItInfRmeSAnAndInsYt-
2448,-hIzpEsAfAkeZAnzfcr@nopAnsisAbRinAndAsElfkAntenIGdYvIGsut-wRdEkedzbIfcrDErtYm-yEt-madRntEknalAjibErzDEmWtrYAmfAntli-
2449,-ivInDAsApcrdIGk@stIzSrudlidrcn-prAfEsRErAn@ksDAkRIrsYAntIstkatIn@nETAkAlkanflIkt-kAnsiDAkAmpAlsIvkl@sAfYR-husAplYzhyumRAst@glYnzfcrvRnzf@stf@kts-DAharpunRnEdl@nd-AkriCRAvkanstAnt@pAtYdz-m@n@zhIroIk@nAmAl-
2450,-bAtmACIfDAdavAlzbrudIGpWRkAmzfrAmk@ptAnEmo-
2451,-DIskAmpoSAnlidznEmoIntuAglikAnanjrAdeSAnz-hiIzAfrYdRfcrfridAm-yEtclhubcrdhIzSIp-crImprIzAnDErfcrgUd-hiwRkstusevlIvzboThyumAnAnd@nAmAl-yEthihImsElfkrietsAhalAklast-hidItEstsImpIriAlIzAm-yEthilezpRsInIlklemtuDAsWTfol-
2452,-AndInDIsl@st@kSAnhifclzIntuDAkl@sIksAnAvprYd-
2453,-hiIzswIftliplAnISt-
2454,-DAnctAlAsnIrlip@rISIzInDA@ntarktIkAndnimosIGksIntuAgroIGdIprESAn-
2455,-fcrmEniDEndIsbUkh@zbInAscrsAvf@sAneSAn-SUrliwAnAvDAmostInfluEnSAlnavAlzEvRrItAn-AnInspReSAnfcrsAC-sYAntIstAndIskAvRz@zEnjAnIrsYmAnlek-oSAn@grAfRwIlyAmbIbi-polRt@vAlRsRRnIstS@kAtIn-
2456,-f@DAm-sIksfit-
2457,-greAmrAfliwAntwEntiYtAv@nWns-
2458,-mIlAgr@m-rAfliwAntwEntietTWzAndTAv@nWs-
2459,-lidRrAfliwAnkcrt-
2460,-mitRrAfliwAnycrdTriInCAz-
2461,-mIlAmetRrAfliwAntwEntifIfTAv@nInC-
2462,-C@ptRTri-@zm@stRwISIz-
2463,-TrisEkAndzbIfcrDARYvAlAvjebihabsAnzlEtR-YnomcrdremdAvCesIGDAyunAkcrnDEnAvtrYIGfcrDAncrTwEstp@sAj-
2464,-ivInsoYh@djAstrItRndfrAm@narjiwAsjRni-IgzcstAdAndb@dlinidIGAREst-
2465,-YwantAdnATIGmcrD@ntusibYkAntriAgEn-mYfrEndz-mYmadAstkwcrtRzbYDAvAt@lIkAlgardAnz-mYdIrlibIlAvdkAlEkSAnz-
2466,-bAtnWnATIGkUnholdmib@k-
2467,-kAnsewazmYm@nsRvAnt-
2468,-frAmbrAbiSEldRzwIDsYAnthIstsInWRlItAlyunAvRsbYDAbAt@nIkAlgardAnz-DAbOh@dkAmtunoATIGcrtu-
2469,-kl@sAfYIGwazEvriTIGtuhIm-sohidunATIGEls-wElvRstInATIriAvkl@sAfAkeSAnhiwazpUrlivRstInDIspr@kAkAl@plAkeSAnAndYdWtD@thikUdtElAspRmwelfrAmAbIlinwel-
2470,-AndyEtwAtAfYng@lAntlEd-
2471,-natwAnsdIdhikamEntanDAlEGkTcrDAhardSIpsAvDAjErni-
2472,-nEvRdIdhiabjEktubAkAlIGAphIzsutkesfcrEnikAntriwAtEvR-CYnAcrDAkaGgo-nom@tRhWfarcfItwaz-
2473,-hiwEnthir-DErAndEvriwErInpRfIktkAntEntmAnt-
2474,-plesfRgIvlifcrDIsAndRh@ndAdbweAvAdmItIGD@tYh@dtRndfcrAti-
2475,-hiwazAfAn@tIkanfcrm@lAtiAndhionliAdrEstmiAndDATRdpRsAn-tuDApOntwErItgathYRAsAm-
2476,-DErwazgUdrizAntustapAndTIGk-ivInfcrDAwRldzmostImoSAnlAsm@n-
2477,-kAnsi-YkcldATRdtAm-kAnsil-ApIrd-
2478,-dEdm@stRsAmAndmi-hisEdEntRIG-
2479,-p@k@zmACIntumYCrAGk@zyuk@n-mYCErvAlAnkIt-mYsutsSRdzAndsaks-dontbADRkWntIGjAstskwizItclIn-AndhRi-
2480,-wildo@DEmletR-wAt-
2481,-EnihWwilivInstrAkSAnztuSIpDAholmAn@jRitufr@ns-
2482,-yEswiar-sRtAnliYrIplYdIvEsIvli-bAt@vtRwimekAditUr-
2483,-RWntslYtlilEsdREktD@tscl-
2484,-wRlivIGanDAebrAh@mlIGkAn-
2485,-yusimYfrEndIts@nISuAvDAmanstR-DAtnotEriAsnarwAl-
2486,-widontnowErItwIltekAs-
2487,-bAtwRgoIGjAstDAsem-
2488,-wih@vAkAm@ndRhuzgemfcrEniTIG-
2489,-YlEvdInstroSAnzfcrSIpIGmYkAntenRzAvstAft@nAmAlzAndrYdpl@ntstupErIsfr@ns-
2490,-YopAndAlYnAkrEdAtsAfISAntukAvRDAbAbRuzA-AndkAnsil@tmYhIlz-AjAmptIntuAk@rIj-
2491,-WRb@gIjwazImidiAtlik@ridtuDAdEk-AvDAfrIgAt-YrAStAbcrd-
2492,-Y@sktfcrkAm@ndRfErAgAt-
2493,-wAnAvDAselRzlEdmituDA@ftRdEk-wErYstUdInDAprEzAnsAvAsmartlUkIGcfAsR-huIkstEndAdhIzh@ndtumi-
2494,-InpRsAnwckmAbOdprAfEsRycrk@bAnIzwetIGfcryu-
2495,-YwazwEls@tAsfYdwIDmYk@bAnwICwazloketAdInDAstRnAndopAndIntuDAcfAsRzmEs-
2496,-wIlbikwYtkAmfRtAbAlhirYtoldkAnsil-
2497,-AndsoIfYh@dbIndIledbYAkwcrtRAv@nWRcrivInlEs-DAfrIgAtwUdh@vgcnwITWtmiAndYwUdh@vmIstWtanhIzanRTliIkstrcrdAnEriAndInkAnsivAbAlEkspAdISAn-huztrustcrimYtwElmetwIDsAmsk@ptIsIzAm-
2498,-DAwcrvzAvbrUklAnAndEvRipartAvnuycrkbcrdRIGDAistrIvRwRkrWdAdwIDkyUriasAtisikRz-
2499,-dIpartIGfrAmfYvhAndrAdTWzAndTrodz-TritErzbRstfcrTInsAksESAn-
2500,-TWzAndzAvh@GkRCIfswRwevIGAbAvDiztYtlip@ktm@sAz-helIGDAebAh@mlIGkAnAndIlItriCtDAwctRzAvDAhAtsAndrIvR@tDAtIp-AvDAlcGprAnInAlAD@tfcrmznuycrksIti-
2501,-DEnhirAStWndstErzIntuDAkcrtyard-SWtIGmYldlifcrhIzsoljRzAndTrEtAnIGtup@C-EvRibaniInhIzdAmInyAnz@tDAselRmAnwaznatrik@pCARnd-
2502,-holdhImf@stumYm@n-And@zsun@zYvh@dmYkafiInRvIl-YltUkhImtuDArumAvDAgretnYfAndp@CIm-
2503,-YwEntnmYDAkApAkAfimYsElf-sEdkEmbIl-Yh@vh@dkAnsIdRAblIksEtRsYzdDIsmcrnRnIn-In@nclr@tifcrbrEkfAs-
2504,-bUtk@tAnDotmednosACAtEmpt-noIGItwUdbiyuslAs-
2505,-@zsun@zDeEntRdDArumAvDAgretnYf-DAbUlRugevAyElodIsApOntmAnt-
2506,-DArumAvDAgretnYfwazhYAndbIg-AndRWndItr@nrozAvbEnCIzfcrDAspEktetRztusItApan-
2507,-AndwAnples@tDAhEdAvDArum-wazArezdpl@tfcrmdfcrDArlOAlf@mAli-wIDElAgAntTrWnCErzfcrDAkIGAndkwin-AndsIksmclRbAtrICliApostRdCErzfcrDAsnonozprInsEzAz-
2508,-DEarfcrhRm@jAstipednoAtEnSAntuEniwAn-@ndnoAnpedEniAtEnSAntuhR-
2509,-rICtulzAvblustonzglItRdApanDErtRsAnz-AndDArOAledizwErfoli@zkcrjAs@zDAwErhctiAndovRbErIG-
2510,-mRnIGdRolzabivIl@zwEl@zyulUk-
2511,-kAntrolyURsElvzInmYdIrz-rIplYdDAbulRu-DAwRstpAnISmAntYnohWduInlUktan-EniwAndDIsprIzAnRzAv-bAtusAfR-yuwlsiAvEriprItip@CIGmYrOAldctRz-
2512,-sApozItsAvbr@n-
2513,-DAk@ptAnSUkhIzhEd-
2514,-wYyusItufECDAfRstlevIGkrICRwimEt-AndD@twazDAspIlIgnot-rIplYdDAk@ptAn-p@ntIGhard@zhihEldf@stAwAnAvDAgotshcrnz-
2515,-DAYdiAvp@CIGk@mbIltuAgotwazAv@stAliAmyuzIGtuhIm-AnDAmcrhiTctAvIt-DAmcrhircrdwIDl@ftR-
2516,-DeyoksAmTIGAlYkyuno-sAgjEstAdAk@ptAnAvDAgardzlUkIGfrAmwAntuDADRdWtfAli-AndDEnIrliDAsemsc@zIfhIzst@nAbrgzanIzhYndlEgz-DevboTgatDAsemstYlAvwIskRz-AndDErbAnfAvDEm-abstAntAndYnjRAs-soDectumYkAgUdp@C-stl@ndAd
2517,-fYn-pUriAs-
2518,-wEnDIsh@dbInAkamplIStDAbulrulindovRtutrYdudIskAvRwYDAfremroldAwe-simIGliAvItsonAkcrt-AndhiwazDAmcrpAzAlbIkczIth@dnEvRdAnsACATIGbIfcr-
2519,-@twAnsDAgotgevAlip-IzskevfrAmDAsoljRzAndwIDbWdhEdrAStApanDAbUlRu-
2520,-bIfcrEnikUdstaphIm-hibAtIthIzm@jAstisofyUriAsliD@tDAkIGscrtfarIntuDAEr-AndtAmbAvInAhepAmAGDAbEnCIz-wErhilemoniIGAndgronIG-
2521,-DAgotswcrlYkspIrAtwazrWzdbYDIsAksEsfAlAt@k-
2522,-DEnDespEdIngrethestfcrDAdcr-AndDAgogevAfYnAlbAtDIsInDAroAvrOAledizcldYdIGIntuDAkcrAtRInAnADRt@GgAl-wErAvAnDeSriktInAm@nRD@tErAfYdEvRiwAnwUdInsWndAvDErvOsAz-
2523,-Yh@dAnoSAnItwazyumedAzsemifrAmDAnYf-
2524,-YdIdAntSIvRmACbiIGbWndsodYt-bAtwEnYmluvsYmIGtuh@v-jAstslAGgUdSIvRtrIlimYfilAnz-
2525,-kAmIGgEtD@tmOlrul-SisEd-goIGtAwcrdDAvEnCAz-
2526,-soDewRkwYtwIlIGtuobeDAcrdRzAvDErgRlkwinAndInAScrtYmDAbl@sAvtrAmpAtsAndrolAvdrAmzAnkl@SIGAvsImbAlztoldtrYAndk@tAnbIlD@tDAblub@ndzh@dAsImbAldbIfcrDAp@lAs-
2527,-DEnDeclmarCs@tAlItAlweIntuDAfIldzAndfWndD@tDAarmiAvpIGkizh@dclrEdifcrmd-AndwazAdb@nsIGstEdAlitAwcrdzDEm-
2528,-@tDAhEdAvDATIGkizwRgEtgAsIzAl-AndbAtEmbrYt-huh@dDApIrAdanhIzSoldR-AndDErwRsApcrtAdbYk@ptAnkcrAli-Andk@ptAntIntEnt-AndrozIliDAwIC-
2529,-wEnDAblusk@nscgItkAsIzclDerezdAnADRgretSWt-fcrhiwazDAfevRriAvDAsoljRzAndvEripapyAlRwIDclDApipAl-
2530,-sInsl@stDERzdeY-gEp-gIsIzcl-h@vbInDAlcvAlbulruAvDAblukAntri-bAtnWD@tyuarkaGkRdbYkwinSat-YsApozY@mkaGkRtuAndyuh@vnoblru@tcl-
2531,-wEnhif@st-SisEdCIrfAli-
2532,-dontwErhisIzIldIr-ItclkAmrYtfrItisun-
2533,-nWDEn-lEtsEntRDAsItiAndEnjODAgretfist@tsbiIGkUkt-YnIrlistarmYsElf-fcrDIskAGgrenkIGdAmzIzhardwRk-
2534,-DEnSigevrozlib@khRm@ntugrIG-T@GkIGD@tkYndwICfcrclSih@dAnfcrDEm-
2535,-yuarmedt-rIplYdDAselR-
2536,-ItwIlbizsACAs@tAsf@kSAn-
2537,-DAgardzh@dAtErAbAlstrAgAlwIDAgotwICwazlusInDArum-AndstIlwAnAtufY-bAtfYnAliDesAdudDA@nAmAl-AndDEnDetUkDAbUlruWtAvDAfreGyuztYdIn-AndbrctboThImAndDAgotbIfcrkwintrat-huwetAdDEmInDATronrumAvDAp@lAs-
2538,-YlgwYdliduD@t-frAmAsDAnubulru-AndYlTfidDAhanRAbAlgodclDASevIGzAndlEDRAntEnk@nsIkAnit-bIsYzdDAgr@s-
2539,-kskyuzni-sEdSat-YnAgrEt-tElyuD@tyUrnatDAbIlruEnimcr-
2540,-DAfcrmRbIlRIgrWnd-
2541,-hYndatbiwIkAdEnimcr-sYdDioldbUlRu-arEfcrm-
2542,-Y@zAprYvAtsItAzAnYS@lbiAmadAlAvdIpcrtmAnt-bIkczItwUdbidenjRAstubiADRwYz-
2543,-wEnfRstDeEntRdDATronrumDetrYdtubi@zhctiAndskcrnfAl@zEvR-bAtDAblushuwRAsImpAlDEr-cl@ft@tDEmEndyUrdDEm-fcrDErwaznatAsIGgAlpRsAnInclDAblukAntrihilAvdDAprEnsEsIzDAnlistlItAlbEd-
2544,-so-gEtgIsAzclcrdRdDAk@ptAntutekAfYlAvsoljRz-AndEskcrtDrevIGbyutiztuDErnuhom-
2545,-D@tivnIG-tratgevAgr@ndbclAndDAp@lAs-tuwICDAmostImpcrtAntAvDApIGkizInDAbluskAnzwRInvYtAd-
2546,-tukAmbYnb@ndzAvbotDAkAntrizpledDAmyuzIkAndAfYnsAbRwazsRvd-
2547,-brYdRD@ndRlidcnsmostbrIlyAntdYaRblonklIrb@ndzAvkAlRzTrDAskY-D@tswRl-Andswip-Andmit-tubrekAndfonmlYkrenbuvelz-ApanAbAbAlzdon-
2548,-gYdAdbYyu-hWwimYtstroltAwcrdzstET-WRronlimyuzIk-wAnAnADRzbrEnT-TrugardAnzIntAmAtwIDhalihaks-wErzsYlAntpapizbRndbItwinDAraks-bYpulzwErbRCIzbIntukanfAdansApAvgrinwctRz-skAmdwIDAlIlipl@nz-
2549,-vEnAs-
2550,-InAsAnsEtgloIGAvkrImsAnAndgold-SilYz-DAglcriAvDAwRld-AbiCt-kIGz-g@lihuselzWrfRldhuIzhAGwIDt@pAstrizrIC-Andolnd-
2551,-DApItiD@twimAstkAmAndgo-
2552,-wYlDAoldgoldAndDAmarvAlzdez-fcrEvRglemIGIzsaft-strcGblez-kanInRlivnIGglo-
2553,-DAplEzAntgrevyardAvmYsolwIDsEntAmEntAlsYpRAstrizAndflWRzIzfIld-D@tYmestrolInmEdAteSAn@tmYez-
2554,-ItIzmYharthAGIGDAskY-AndnoklWdzEvRflotbItwinDAgrevflWRzD@nmYhartanhY-
2555,-ovRDAtr@glYndsItistritDAyAGmEn-DAgrInIGm@n-p@s-
2556,-homhiselzD@tsimdtuwAndRAndrimtIlItmEnoz-se-IzDIScrwErYst@ndDAonlifIldAvstrAgAl-crarhihItAndb@tRdWtDErbYwevzAndwEngAsts@zhitEkovRAkl@SIGsiAvwctRiEkoz-
2557,-odd@nsIzarsImplAfYd@tDEryRnIG-bliCtbYtYm-
2558,-hih@dgatIntuhRkcrtyard-
2559,-TruDAbl@k-nYtren-his@GtuhRwIndobarz-
2560,-D@twazbAtrAslIGAtrIpIGpl@ntsInDAdark-
2561,-SiwazAlonD@tnYt-
2562,-hih@dbrokAnIntuhRkcrtyarnd-
2563,-tufedAwelYkmcrnIGbyutifrAmhRmcrtAlde-dWnbYDArIvR-AvAdanA-hRsaftvOsAzhRd-AndDAshRjEntAl@mAnteSAnfclzlYkmcrnIGdu-
2564,-olYf-AvDIsarsprIG-
2565,-wYfedzDAlotAsAvDAwctR-
2566,-wYfedDizCIldrAnAvDAsprIG-
2567,-fElIz-lYkAwctRibW-AndlYkApartIGklWd-lYkArAflEkSAnInAgl@s-lYkS@dozInDAwctR-lYkdrimzAvInfAns-lYkAsmYlApanItInfInsfes-
2568,-lYkDAdAvsvOs-lYktr@nZiAntde-lYkAmyuzIkInDAEr-a-
2569,-AndjEntAlslip-DAslipAvdET-AndjEntlihirDAvOsAvhIm-D@twckITInDAgardAnInDAivnIGtYm-
2570,-DAlIliAvDAv@libriDIGInDAhAmpAlgr@s-@nsRdDAlAvlimedAnsEd-Y@mAwaCRriwid-AndY@mvErismcl-InlAftutwElInlolivel-z-sowik-DAgIldIdbAtRflYskErs-pRCAsanmYhEd-yEtY@mvIzAtAdfrAmhEvAtAn-AndhiD@tsmYlzancl-wcksInDAv@mAli-AndiCmcrnovRmi-sprEdzhIzh@nd-seIG-rIjOstDWhAmbAlgr@s-DW-nubcrnglIliflWR-
2571,-DWjEntAlmedAvsYlAntv@lizAndAvmadAstbrUks-fcrDW-S@lbikloDdInAlYt-AndfEdwIDmcrnIGm@nA-tIlsAmRz-hit-mEltDibIsYdDAfWntAnzAndDAsprIG-diflRISInItRnAlvelz-De-wYSUdDElkAmplen-
2572,wYSUdDAmIstrAsAvDAvelzAvhar-AtRAsY-
2573,-Sisist-AndsmYldIntErz-DEns@tdWnInhRsIlvRSrYn-
2574,-wICDWdAst-sk@tR-anEvRilItAlbledAvgr@sD@tsprIGz-rIvYvzDAmIlktkW-Intemz-DAfYRbriDIGstid-
2575,-bAt-DW-IzlYkAfentklWd-kIndAld@tDArYzIGsAn-Yv@nISfrAmYpRliTron-AndhuS@lfYndmYples-
2576,-AndwYItsk@tRzItsbrYtbyuti-TruDAhyumAdEr-
2577,-dIsEndolItAlklWd-AndhAvRbIfcrDAYzAvfEl-
2578,-olItAlklWd-DAvRjAnzEd-YCarjlitutElmi-wYDWkAmplenAstnWwEnInwAnWRDWfetAlwe-DEnwiS@lsikDi-bAtnatfYn-afElIzlYktuDi-
2579,-Yp@sAwe-yEtYkAmpwen-AndnowAnhirzmYvOs-
2580,-DAklWdDEnSodhIzgoldAnhEd-AndhIzbrYtfcrmAmRjd-
2581,-AndfIrstDWbIkczYf@nISAndY@msinomcr-
2582,-ItIztu-tEnfUllYf-tIlAv-tupis-Andr@pCRz-holi-AnsindIsEndIG-wemYlYtwIGzApanbamiflWRz-AndkcrtDAfErYdu-tutekmituhRSYnIGtEnt-DAwipIGvRjIn-trEmbAlIGmnilzbIfcrDArIzAnsAn-
2583,-tIlwiRYzlIGkt-AndAgoldAndbe@nd-AndnEvRpart-bAtwck-yunYtAdbErIG-fudtuclWRtEndRflWRz
2584,-wIvznatAlon-ncrAvItsElf-fIrnatAnYwIlkcl-DAwikwRmfrAmItslolibEd-AndDWS@lthirItsvOs-
2585,-kAmfcrTwRm-InDAsYlAntv@li-tuDYpEnsIvkwin-
2586,-DAhElplAswRmRoz-Ands@tApanDAlIlizlif-InDAbrYtklWdseldaa-n-tufYndhIzpartnRInDAvel-
2587,-ImAjAvwiknAs-artDWbAtAwRm-
2588,-YsiDewe-hElpwasDAnekAd-wipiIGAnAntu@nsR-nAntuCErISDi-wIDmADRzsmYlz-
2589,-AndsEz-DWmADRAvmYCIldrAn-Yh@vlAvdDi-AndYh@vgIvAnDAkrWn-D@tnAnk@ntekAwe-
2590,-AndlemidWnInDYkoldbEd-AndlivmYSYnIGlakt-
2591,-cr@nYAvgIfts-AndgresIz-SWRIGfrutsAndkwOntIdgold-
2592,-wY@tAGImprEstwIDhAni-frAmEvRiwYnd-
2593,-wYAnir-AwRlpulfIrstudrckrieSAnzIn-
2594,-clhezsEdwITWtAwRd-
2595,-YsItbIniTDYlUks-@zCIldrAnduInDAnunsAn-wIDsolzD@trEmbAlTruDErh@piYlIdz-frAm@n-AnAvRd-yEtpranAkAlInwRdjO-
2596,-YdIdnatrcGmYsElfso-bAtYplestArcGanDi-
2597,-wEnkcldbIfcr-YtoldhWhestAliYdraptmYflWRz-crbrekcfrAmAgem-
2598,-S@lYnEvRmIshomtck-AndblEsIG-AndDAkamAnkIs-D@kAmztuiCIntRn-ncrkWntAdstrenj-wEnYlUkAp-tudrapanAnurenjAvwclzAndflcrz-AnADRhomD@nDIs-
2599,-Al@s-Yh@vgrivdsoY@mhardtulAv-
2600,-opAnDYhardwYd-AndfoldwIDIn-DAwEdwIGzAvDYdcf-
2601,-gUdItmin-tul@st-AlAvsEtpEnjAlAsbItwinsaroAndsaro-
2602,-ne-Yr@DRTrIld-dIstrAstIGEvRilYt-D@tsimdtugIlDAcnwRdp@T-AndfIrtuovRlin-AfIGgRivIn-
2603,-AndDoYh@vgronsRin-AndstrcGsInsDEn-YTIGkD@tgadhIzwIld-AstIlrInuAbAlfIr-
2604,-olAf-otrcf-
2605,-AndlAv-bifclts-
2606,-Ifhi-tukipwAnoT-mAstluzwAnjO-bYhIzlYfstarfcrtol-
2607,-slotuwRldgridIGz-kwIkwIDIts-olIst-wEnDAenjAlspik-
2608,-ArIGAv@mATAst-YkUdnatwErhir-plencrtumYsYt-D@nD@t-fRstkIs-
2609,-D@twazDAkrIzAmAvlAv-wIClAvzonkrWn-wIDs@GktufYnswitnAs-dIdprAsid-DATRdApanmYlIps-wazfoldAdWnImpRfIkt-pRpAl-stet-sInswEn-Indid-Yh@vbInprWdAndsEd-mYlAv-mYon-
2610,-dIrAst-tiCmisotupUrWtgr@tAtud-@zDWdAst-gUd-
2611,-mAsAlmAnz-And-gYlRz-TrokRCAps-@tAzsmYl-Andh@fnoruT-fcrEniwipIG-
2612,-bAtDWartnatsACAlAvR-mYbIlAvAt-
2613,-DWk@nstwek-TrusaroAndsIknAs-tubrIGsolztutAC-AndTIGkItsunwEntADRzkrY-tulet-
2614,-YTIGkclhuh@vlAvdmiInDErharts-wIT@GksAndlAv-frAmYn-
2615,-o-tuSutmYsolzfUlminIGIntufyuCRyiIrz-D@tDeSUdlEndItAtRAns-AndsAlut-lAvD@tEndyUrs-frAmlYfD@tdIsApIrz-
2616,-DEnY-lcGtrYdbYn@CRAliolz-rAsivdDAkAmfRtf@st-wYlbAtIG-@tDYsYtmYpIlgrAmst@f-gevWtgrinblivz-wIDmcrnIGduz-ImpRld-
2617,-YlAvDifrili-@zmEnstrY-fcrYt-YlAvDApyUrdli-@zDetRndfrAmprez-
2618,-YlAvDiwID-DAp@SAnpUtuiyus-InmYoldgridz-InwIDmYCYldhUdzfeT-
2619,-YlAvDi-wIDAlAvYsimdtulu-wIDmYlcstsenz-YlAvDi-wIDAbrET-smYl-z-tIrt-AvclmYlYf-And-IfgadCuz-YS@lbAtlAvDAbEtR-@ftRdET-
